# FONLL heavy quark hadroproduction cross section, calculated on Thu Mar 30 02:46:03 CEST 2023
# FONLL version and perturbative order: ## FONLL v1.4.0 fonll [ds/dpt^2dy (pb/GeV^2)]
# quark = bottom
# final state = lepton from B->D->l. NP params (cm,lm,hm) = 24.2, 26.7, 22.2
# BR(q->meson) = 1
# BR(B->D->l) = 0.096
# ebeam1 = 6800, ebeam2 = 6800
# PDF set = NNPDF30_nlo_as_0118
# ptmin = 0.5
# ptmax = 299.5
# etamin = -1
# etamax = 1
# Uncertainties from scales, masses, PDFs combined quadratically
# cross section is ds/dpt (pb/GeV)
# pt      central      min       max       min_sc     max_sc     min_mass   max_mass     min_pdf    max_pdf
   0.5000 8.8522e+06 4.9994e+06 1.2909e+07 5.1878e+06 1.2643e+07 7.7117e+06 1.0253e+07 8.5123e+06 9.2006e+06
   1.5000 1.9968e+06 1.2524e+06 2.8618e+06 1.2864e+06 2.8224e+06 1.7837e+06 2.2454e+06 1.9334e+06 2.0659e+06
   2.5000 5.9030e+05 4.0470e+05 8.2441e+05 4.1242e+05 8.1667e+05 5.3942e+05 6.4800e+05 5.7562e+05 6.0557e+05
   3.5000 2.2013e+05 1.6145e+05 3.0077e+05 1.6387e+05 2.9875e+05 2.0419e+05 2.3722e+05 2.1514e+05 2.2550e+05
   4.5000 9.6480e+04 7.4254e+04 1.2955e+05 7.5062e+04 1.2883e+05 9.0912e+04 1.0301e+05 9.4406e+04 9.8592e+04
   5.5000 4.7712e+04 3.7416e+04 6.2613e+04 3.7766e+04 6.2352e+04 4.5235e+04 5.0304e+04 4.6733e+04 4.8701e+04
   6.5000 2.5728e+04 2.0434e+04 3.3249e+04 2.0602e+04 3.3130e+04 2.4518e+04 2.6966e+04 2.5200e+04 2.6227e+04
   7.5000 1.4842e+04 1.1951e+04 1.8874e+04 1.2029e+04 1.8816e+04 1.4246e+04 1.5456e+04 1.4544e+04 1.5130e+04
   8.5000 9.0182e+03 7.3615e+03 1.1317e+04 7.4006e+03 1.1280e+04 8.7082e+03 9.3859e+03 8.8397e+03 9.1968e+03
   9.5000 5.7485e+03 4.7254e+03 7.1089e+03 4.7491e+03 7.0906e+03 5.5613e+03 5.9405e+03 5.6352e+03 5.8618e+03
  10.5000 3.7862e+03 3.1378e+03 4.6405e+03 3.1507e+03 4.6291e+03 3.6816e+03 3.9034e+03 3.7114e+03 3.8611e+03
  11.5000 2.5766e+03 2.1519e+03 3.1313e+03 2.1610e+03 3.1238e+03 2.5056e+03 2.6515e+03 2.5258e+03 2.6275e+03
  12.5000 1.8019e+03 1.5133e+03 2.1677e+03 1.5197e+03 2.1629e+03 1.7530e+03 1.8490e+03 1.7664e+03 1.8374e+03
  13.5000 1.2874e+03 1.0884e+03 1.5373e+03 1.0925e+03 1.5341e+03 1.2557e+03 1.3181e+03 1.2624e+03 1.3133e+03
  14.5000 9.3926e+02 7.9664e+02 1.1128e+03 7.9949e+02 1.1107e+03 9.1805e+02 9.5875e+02 9.2045e+02 9.5808e+02
  15.5000 6.9600e+02 5.9410e+02 8.2051e+02 5.9606e+02 8.1888e+02 6.8189e+02 7.1050e+02 6.8198e+02 7.0992e+02
  16.5000 5.2435e+02 4.4937e+02 6.1433e+02 4.5082e+02 6.1315e+02 5.1418e+02 5.3424e+02 5.1379e+02 5.3501e+02
  17.5000 4.0080e+02 3.4470e+02 4.6694e+02 3.4579e+02 4.6608e+02 3.9341e+02 4.0771e+02 3.9264e+02 4.0886e+02
  18.5000 3.1008e+02 2.6750e+02 3.5971e+02 2.6832e+02 3.5904e+02 3.0470e+02 3.1517e+02 3.0374e+02 3.1642e+02
  19.5000 2.4250e+02 2.1011e+02 2.8017e+02 2.1072e+02 2.7965e+02 2.3875e+02 2.4624e+02 2.3750e+02 2.4749e+02
  20.5000 1.9181e+02 1.6666e+02 2.2073e+02 1.6714e+02 2.2032e+02 1.8893e+02 1.9469e+02 1.8787e+02 1.9574e+02
  21.5000 1.5322e+02 1.3345e+02 1.7563e+02 1.3382e+02 1.7530e+02 1.5110e+02 1.5542e+02 1.5005e+02 1.5638e+02
  22.5000 1.2346e+02 1.0778e+02 1.4099e+02 1.0810e+02 1.4074e+02 1.2173e+02 1.2509e+02 1.2086e+02 1.2595e+02
  23.5000 1.0032e+02 8.7697e+01 1.1424e+02 8.7965e+01 1.1405e+02 9.8976e+01 1.0147e+02 9.8112e+01 1.0234e+02
  24.5000 8.2032e+01 7.1934e+01 9.3135e+01 7.2134e+01 9.2957e+01 8.1024e+01 8.3030e+01 8.0304e+01 8.3741e+01
  25.5000 6.7613e+01 5.9376e+01 7.6554e+01 5.9549e+01 7.6406e+01 6.6768e+01 6.8390e+01 6.6163e+01 6.9034e+01
  26.5000 5.6045e+01 4.9345e+01 6.3360e+01 4.9478e+01 6.3235e+01 5.5411e+01 5.6707e+01 5.4874e+01 5.7216e+01
  27.5000 4.6762e+01 4.1246e+01 5.2713e+01 4.1357e+01 5.2608e+01 4.6262e+01 4.7290e+01 4.5782e+01 4.7741e+01
  28.5000 3.9235e+01 3.4668e+01 4.4133e+01 3.4762e+01 4.4045e+01 3.8832e+01 3.9658e+01 3.8410e+01 4.0061e+01
  29.5000 3.3101e+01 2.9296e+01 3.7158e+01 2.9376e+01 3.7085e+01 3.2765e+01 3.3437e+01 3.2400e+01 3.3792e+01
  30.5000 2.8061e+01 2.4882e+01 3.1436e+01 2.4950e+01 3.1373e+01 2.7782e+01 2.8339e+01 2.7466e+01 2.8646e+01
  31.5000 2.3914e+01 2.1224e+01 2.6742e+01 2.1283e+01 2.6688e+01 2.3674e+01 2.4144e+01 2.3405e+01 2.4413e+01
  32.5000 2.0448e+01 1.8171e+01 2.2838e+01 1.8221e+01 2.2790e+01 2.0256e+01 2.0640e+01 2.0016e+01 2.0880e+01
  33.5000 1.7578e+01 1.5631e+01 1.9584e+01 1.5677e+01 1.9546e+01 1.7405e+01 1.7722e+01 1.7194e+01 1.7942e+01
  34.5000 1.5139e+01 1.3483e+01 1.6854e+01 1.3517e+01 1.6819e+01 1.5005e+01 1.5274e+01 1.4832e+01 1.5456e+01
  35.5000 1.3114e+01 1.1687e+01 1.4573e+01 1.1722e+01 1.4544e+01 1.2989e+01 1.3219e+01 1.2826e+01 1.3382e+01
  36.5000 1.1386e+01 1.0156e+01 1.2630e+01 1.0186e+01 1.2605e+01 1.1290e+01 1.1482e+01 1.1136e+01 1.1616e+01
  37.5000 9.9168e+00 8.8691e+00 1.1007e+01 8.8915e+00 1.0982e+01 9.8400e+00 1.0003e+01 9.7152e+00 1.0128e+01
  38.5000 8.6774e+00 7.7584e+00 9.6053e+00 7.7818e+00 9.5856e+00 8.6026e+00 8.7475e+00 8.4854e+00 8.8541e+00
  39.5000 7.6032e+00 6.8071e+00 8.4148e+00 6.8246e+00 8.3962e+00 7.5446e+00 7.6656e+00 7.4477e+00 7.7645e+00
  40.5000 6.6864e+00 5.9913e+00 7.3960e+00 6.0077e+00 7.3786e+00 6.6355e+00 6.7450e+00 6.5453e+00 6.8314e+00
  41.5000 5.9002e+00 5.2895e+00 6.5133e+00 5.3050e+00 6.4992e+00 5.8512e+00 5.9443e+00 5.7725e+00 6.0230e+00
  42.5000 5.2147e+00 4.6816e+00 5.7576e+00 4.6944e+00 5.7437e+00 5.1734e+00 5.2598e+00 5.1062e+00 5.3280e+00
  43.5000 4.6224e+00 4.1512e+00 5.0960e+00 4.1626e+00 5.0842e+00 4.5850e+00 4.6579e+00 4.5264e+00 4.7213e+00
  44.5000 4.1078e+00 3.6909e+00 4.5235e+00 3.7018e+00 4.5130e+00 4.0742e+00 4.1395e+00 4.0195e+00 4.1952e+00
  45.5000 3.6576e+00 3.2898e+00 4.0270e+00 3.2995e+00 4.0176e+00 3.6278e+00 3.6864e+00 3.5789e+00 3.7354e+00
  46.5000 3.2640e+00 2.9380e+00 3.5901e+00 2.9462e+00 3.5818e+00 3.2381e+00 3.2890e+00 3.1958e+00 3.3331e+00
  47.5000 2.9184e+00 2.6278e+00 3.2076e+00 2.6352e+00 3.1997e+00 2.8963e+00 2.9405e+00 2.8570e+00 2.9818e+00
  48.5000 2.6160e+00 2.3578e+00 2.8725e+00 2.3645e+00 2.8656e+00 2.5958e+00 2.6362e+00 2.5613e+00 2.6717e+00
  49.5000 2.3491e+00 2.1186e+00 2.5779e+00 2.1245e+00 2.5718e+00 2.3318e+00 2.3654e+00 2.3002e+00 2.3990e+00
  50.5000 2.1139e+00 1.9055e+00 2.3191e+00 1.9114e+00 2.3136e+00 2.0976e+00 2.1283e+00 2.0678e+00 2.1590e+00
  51.5000 1.9037e+00 1.7184e+00 2.0877e+00 1.7232e+00 2.0822e+00 1.8922e+00 1.9181e+00 1.8634e+00 1.9459e+00
  52.5000 1.7203e+00 1.5536e+00 1.8849e+00 1.5581e+00 1.8806e+00 1.7078e+00 1.7318e+00 1.6838e+00 1.7558e+00
  53.5000 1.5552e+00 1.4044e+00 1.7023e+00 1.4083e+00 1.6982e+00 1.5446e+00 1.5658e+00 1.5226e+00 1.5878e+00
  54.5000 1.4093e+00 1.2719e+00 1.5405e+00 1.2758e+00 1.5370e+00 1.3987e+00 1.4179e+00 1.3786e+00 1.4381e+00
  55.5000 1.2787e+00 1.1552e+00 1.3970e+00 1.1587e+00 1.3939e+00 1.2691e+00 1.2864e+00 1.2509e+00 1.3046e+00
  56.5000 1.1606e+00 1.0512e+00 1.2697e+00 1.0541e+00 1.2662e+00 1.1539e+00 1.1693e+00 1.1366e+00 1.1866e+00
  57.5000 1.0570e+00 9.5614e-01 1.1548e+00 9.5904e-01 1.1520e+00 1.0502e+00 1.0637e+00 1.0339e+00 1.0790e+00
  58.5000 9.6288e-01 8.7229e-01 1.0519e+00 8.7485e-01 1.0493e+00 9.5664e-01 9.6960e-01 9.4243e-01 9.8304e-01
  59.5000 8.7878e-01 7.9585e-01 9.5911e-01 7.9814e-01 9.5674e-01 8.7283e-01 8.8483e-01 8.6035e-01 8.9722e-01
  60.5000 8.0314e-01 7.2767e-01 8.7594e-01 7.2989e-01 8.7370e-01 7.9757e-01 8.0832e-01 7.8586e-01 8.2032e-01
  61.5000 7.3459e-01 6.6593e-01 8.0141e-01 6.6778e-01 7.9939e-01 7.2979e-01 7.3949e-01 7.1952e-01 7.5014e-01
  62.5000 6.7286e-01 6.1009e-01 7.3360e-01 6.1190e-01 7.3171e-01 6.6874e-01 6.7747e-01 6.5846e-01 6.8717e-01
  63.5000 6.1709e-01 5.5974e-01 6.7259e-01 5.6141e-01 6.7085e-01 6.1315e-01 6.2131e-01 6.0394e-01 6.3024e-01
  64.5000 5.6659e-01 5.1417e-01 6.1738e-01 5.1571e-01 6.1574e-01 5.6294e-01 5.7043e-01 5.5450e-01 5.7878e-01
  65.5000 5.2080e-01 4.7255e-01 5.6718e-01 4.7395e-01 5.6573e-01 5.1773e-01 5.2435e-01 5.0966e-01 5.3174e-01
  66.5000 4.7933e-01 4.3490e-01 5.2183e-01 4.3622e-01 5.2051e-01 4.7616e-01 4.8259e-01 4.6906e-01 4.8931e-01
  67.5000 4.4131e-01 4.0111e-01 4.8033e-01 4.0234e-01 4.7904e-01 4.3843e-01 4.4458e-01 4.3190e-01 4.5072e-01
  68.5000 4.0694e-01 3.7013e-01 4.4290e-01 3.7123e-01 4.4170e-01 4.0464e-01 4.0992e-01 3.9830e-01 4.1568e-01
  69.5000 3.7574e-01 3.4178e-01 4.0871e-01 3.4282e-01 4.0762e-01 3.7363e-01 3.7824e-01 3.6768e-01 3.8381e-01
  70.5000 3.4723e-01 3.1567e-01 3.7757e-01 3.1661e-01 3.7651e-01 3.4531e-01 3.4992e-01 3.3984e-01 3.5472e-01
  71.5000 3.2122e-01 2.9210e-01 3.4917e-01 2.9299e-01 3.4819e-01 3.1939e-01 3.2362e-01 3.1430e-01 3.2813e-01
  72.5000 2.9770e-01 2.7071e-01 3.2338e-01 2.7158e-01 3.2256e-01 2.9549e-01 2.9962e-01 2.9126e-01 3.0384e-01
  73.5000 2.7590e-01 2.5099e-01 2.9968e-01 2.5181e-01 2.9885e-01 2.7379e-01 2.7773e-01 2.6995e-01 2.8186e-01
  74.5000 2.5574e-01 2.3264e-01 2.7773e-01 2.3338e-01 2.7696e-01 2.5411e-01 2.5757e-01 2.5018e-01 2.6122e-01
  75.5000 2.3731e-01 2.1608e-01 2.5774e-01 2.1677e-01 2.5699e-01 2.3568e-01 2.3904e-01 2.3222e-01 2.4250e-01
  76.5000 2.2051e-01 2.0075e-01 2.3943e-01 2.0141e-01 2.3875e-01 2.1898e-01 2.2195e-01 2.1571e-01 2.2531e-01
  77.5000 2.0506e-01 1.8668e-01 2.2247e-01 1.8730e-01 2.2186e-01 2.0371e-01 2.0630e-01 2.0054e-01 2.0947e-01
  78.5000 1.9075e-01 1.7387e-01 2.0699e-01 1.7443e-01 2.0640e-01 1.8950e-01 1.9210e-01 1.8662e-01 1.9488e-01
  79.5000 1.7770e-01 1.6191e-01 1.9276e-01 1.6243e-01 1.9219e-01 1.7645e-01 1.7885e-01 1.7386e-01 1.8163e-01
  80.5000 1.6560e-01 1.5089e-01 1.7966e-01 1.5139e-01 1.7914e-01 1.6445e-01 1.6666e-01 1.6195e-01 1.6925e-01
  81.5000 1.5437e-01 1.4078e-01 1.6755e-01 1.4122e-01 1.6704e-01 1.5341e-01 1.5552e-01 1.5110e-01 1.5782e-01
  82.5000 1.4419e-01 1.3137e-01 1.5626e-01 1.3181e-01 1.5581e-01 1.4314e-01 1.4506e-01 1.4102e-01 1.4736e-01
  83.5000 1.3459e-01 1.2278e-01 1.4597e-01 1.2317e-01 1.4554e-01 1.3373e-01 1.3546e-01 1.3171e-01 1.3757e-01
  84.5000 1.2586e-01 1.1481e-01 1.3634e-01 1.1520e-01 1.3594e-01 1.2499e-01 1.2662e-01 1.2307e-01 1.2864e-01
  85.5000 1.1770e-01 1.0735e-01 1.2758e-01 1.0771e-01 1.2720e-01 1.1693e-01 1.1846e-01 1.1510e-01 1.2029e-01
  86.5000 1.1011e-01 1.0047e-01 1.1929e-01 1.0080e-01 1.1894e-01 1.0944e-01 1.1078e-01 1.0771e-01 1.1251e-01
  87.5000 1.0310e-01 9.4072e-02 1.1170e-01 9.4397e-02 1.1136e-01 1.0243e-01 1.0378e-01 1.0080e-01 1.0541e-01
  88.5000 9.6576e-02 8.8193e-02 1.0469e-01 8.8474e-02 1.0435e-01 9.6000e-02 9.7248e-02 9.4502e-02 9.8784e-02
  89.5000 9.0595e-02 8.2702e-02 9.8120e-02 8.2982e-02 9.7824e-02 9.0029e-02 9.1152e-02 8.8589e-02 9.2611e-02
  90.5000 8.5008e-02 7.7599e-02 9.2027e-02 7.7866e-02 9.1747e-02 8.4451e-02 8.5526e-02 8.3117e-02 8.6899e-02
  91.5000 7.9795e-02 7.2856e-02 8.6373e-02 7.3104e-02 8.6112e-02 7.9286e-02 8.0285e-02 7.8029e-02 8.1562e-02
  92.5000 7.4947e-02 6.8443e-02 8.1112e-02 6.8678e-02 8.0861e-02 7.4486e-02 7.5408e-02 7.3277e-02 7.6627e-02
  93.5000 7.0445e-02 6.4343e-02 7.6223e-02 6.4570e-02 7.5984e-02 6.9994e-02 7.0886e-02 6.8861e-02 7.2029e-02
  94.5000 6.6259e-02 6.0512e-02 7.1683e-02 6.0730e-02 7.1462e-02 6.5837e-02 6.6653e-02 6.4752e-02 6.7738e-02
  95.5000 6.2342e-02 5.6948e-02 6.7440e-02 5.7149e-02 6.7229e-02 6.1939e-02 6.2726e-02 6.0941e-02 6.3744e-02
  96.5000 5.8685e-02 5.3617e-02 6.3484e-02 5.3808e-02 6.3283e-02 5.8310e-02 5.9050e-02 5.7360e-02 6.0010e-02
  97.5000 5.5277e-02 5.0509e-02 5.9779e-02 5.0688e-02 5.9587e-02 5.4931e-02 5.5613e-02 5.4029e-02 5.6534e-02
  98.5000 5.2099e-02 4.7606e-02 5.6340e-02 4.7779e-02 5.6160e-02 5.1763e-02 5.2416e-02 5.0909e-02 5.3280e-02
  99.5000 4.9133e-02 4.4908e-02 5.3099e-02 4.5072e-02 5.2934e-02 4.8816e-02 4.9421e-02 4.8010e-02 5.0227e-02
 100.5000 4.6320e-02 4.2349e-02 5.0093e-02 4.2499e-02 4.9930e-02 4.6042e-02 4.6627e-02 4.5274e-02 4.7376e-02
 101.5000 4.3728e-02 3.9970e-02 4.7270e-02 4.0118e-02 4.7117e-02 4.3450e-02 4.3987e-02 4.2720e-02 4.4726e-02
 102.5000 4.1290e-02 3.7751e-02 4.4623e-02 3.7891e-02 4.4477e-02 4.1030e-02 4.1549e-02 4.0339e-02 4.2230e-02
 103.5000 3.9005e-02 3.5671e-02 4.2147e-02 3.5808e-02 4.2010e-02 3.8755e-02 3.9254e-02 3.8093e-02 3.9888e-02
 104.5000 3.6864e-02 3.3712e-02 3.9841e-02 3.3840e-02 3.9706e-02 3.6624e-02 3.7104e-02 3.6010e-02 3.7718e-02
 105.5000 3.4858e-02 3.1864e-02 3.7663e-02 3.1987e-02 3.7536e-02 3.4618e-02 3.5069e-02 3.4042e-02 3.5664e-02
 106.5000 3.2976e-02 3.0157e-02 3.5632e-02 3.0269e-02 3.5510e-02 3.2765e-02 3.3178e-02 3.2218e-02 3.3744e-02
 107.5000 3.1210e-02 2.8528e-02 3.3713e-02 2.8637e-02 3.3600e-02 3.1008e-02 3.1402e-02 3.0480e-02 3.1930e-02
 108.5000 2.9520e-02 2.6997e-02 3.1893e-02 2.7091e-02 3.1776e-02 2.9347e-02 2.9712e-02 2.8858e-02 3.0230e-02
 109.5000 2.7955e-02 2.5579e-02 3.0192e-02 2.5670e-02 3.0086e-02 2.7802e-02 2.8147e-02 2.7322e-02 2.8608e-02
 110.5000 2.6477e-02 2.4217e-02 2.8605e-02 2.4307e-02 2.8502e-02 2.6333e-02 2.6669e-02 2.5862e-02 2.7101e-02
 111.5000 2.5104e-02 2.2942e-02 2.7110e-02 2.3030e-02 2.7014e-02 2.4970e-02 2.5286e-02 2.4509e-02 2.5690e-02
 112.5000 2.3798e-02 2.1747e-02 2.5703e-02 2.1830e-02 2.5613e-02 2.3674e-02 2.3962e-02 2.3232e-02 2.4355e-02
 113.5000 2.2570e-02 2.0628e-02 2.4380e-02 2.0707e-02 2.4288e-02 2.2454e-02 2.2733e-02 2.2032e-02 2.3117e-02
 114.5000 2.1427e-02 1.9572e-02 2.3134e-02 1.9651e-02 2.3050e-02 2.1293e-02 2.1571e-02 2.0909e-02 2.1936e-02
 115.5000 2.0333e-02 1.8581e-02 2.1960e-02 1.8653e-02 2.1878e-02 2.0208e-02 2.0477e-02 1.9853e-02 2.0822e-02
 116.5000 1.9315e-02 1.7640e-02 2.0851e-02 1.7712e-02 2.0774e-02 1.9190e-02 1.9450e-02 1.8845e-02 1.9776e-02
 117.5000 1.8346e-02 1.6752e-02 1.9805e-02 1.6819e-02 1.9728e-02 1.8230e-02 1.8470e-02 1.7904e-02 1.8797e-02
 118.5000 1.7434e-02 1.5920e-02 1.8828e-02 1.5984e-02 1.8758e-02 1.7328e-02 1.7539e-02 1.7011e-02 1.7856e-02
 119.5000 1.6579e-02 1.5135e-02 1.7894e-02 1.5197e-02 1.7827e-02 1.6464e-02 1.6675e-02 1.6176e-02 1.6982e-02
 120.5000 1.5763e-02 1.4389e-02 1.7018e-02 1.4448e-02 1.6954e-02 1.5658e-02 1.5859e-02 1.5379e-02 1.6147e-02
 121.5000 1.4995e-02 1.3680e-02 1.6180e-02 1.3738e-02 1.6118e-02 1.4899e-02 1.5091e-02 1.4621e-02 1.5360e-02
 122.5000 1.4266e-02 1.3020e-02 1.5402e-02 1.3075e-02 1.5341e-02 1.4179e-02 1.4362e-02 1.3910e-02 1.4621e-02
 123.5000 1.3574e-02 1.2393e-02 1.4662e-02 1.2442e-02 1.4602e-02 1.3498e-02 1.3670e-02 1.3248e-02 1.3920e-02
 124.5000 1.2931e-02 1.1796e-02 1.3958e-02 1.1846e-02 1.3901e-02 1.2854e-02 1.3018e-02 1.2605e-02 1.3258e-02
 125.5000 1.2317e-02 1.1233e-02 1.3291e-02 1.1280e-02 1.3238e-02 1.2240e-02 1.2394e-02 1.2010e-02 1.2624e-02
 126.5000 1.1731e-02 1.0708e-02 1.2666e-02 1.0752e-02 1.2614e-02 1.1664e-02 1.1808e-02 1.1443e-02 1.2029e-02
 127.5000 1.1184e-02 1.0201e-02 1.2070e-02 1.0243e-02 1.2019e-02 1.1117e-02 1.1251e-02 1.0906e-02 1.1472e-02
 128.5000 1.0666e-02 9.7209e-03 1.1509e-02 9.7632e-03 1.1462e-02 1.0589e-02 1.0733e-02 1.0397e-02 1.0934e-02
 129.5000 1.0166e-02 9.2729e-03 1.0971e-02 9.3139e-03 1.0925e-02 1.0099e-02 1.0234e-02 9.9072e-03 1.0426e-02
 130.5000 9.6960e-03 8.8421e-03 1.0461e-02 8.8800e-03 1.0416e-02 9.6384e-03 9.7632e-03 9.4512e-03 9.9456e-03
 131.5000 9.2496e-03 8.4337e-03 9.9788e-03 8.4701e-03 9.9360e-03 9.1939e-03 9.3158e-03 9.0154e-03 9.4867e-03
 132.5000 8.8310e-03 8.0488e-03 9.5273e-03 8.0851e-03 9.4858e-03 8.7734e-03 8.8934e-03 8.6026e-03 9.0595e-03
 133.5000 8.4317e-03 7.6855e-03 9.0946e-03 7.7194e-03 9.0566e-03 8.3750e-03 8.4874e-03 8.2166e-03 8.6458e-03
 134.5000 8.0477e-03 7.3364e-03 8.6827e-03 7.3690e-03 8.6448e-03 7.9968e-03 8.1053e-03 7.8413e-03 8.2560e-03
 135.5000 7.6838e-03 7.0072e-03 8.2880e-03 7.0378e-03 8.2522e-03 7.6349e-03 7.7376e-03 7.4890e-03 7.8816e-03
 136.5000 7.3440e-03 6.6884e-03 7.9215e-03 6.7200e-03 7.8874e-03 7.2950e-03 7.3939e-03 7.1491e-03 7.5331e-03
 137.5000 7.0176e-03 6.3937e-03 7.5711e-03 6.4234e-03 7.5370e-03 6.9706e-03 7.0656e-03 6.8333e-03 7.2029e-03
 138.5000 6.7075e-03 6.1101e-03 7.2356e-03 6.1382e-03 7.2029e-03 6.6634e-03 6.7555e-03 6.5318e-03 6.8842e-03
 139.5000 6.4128e-03 5.8412e-03 6.9185e-03 5.8685e-03 6.8870e-03 6.3696e-03 6.4570e-03 6.2438e-03 6.5827e-03
 140.5000 6.1325e-03 5.5865e-03 6.6150e-03 5.6122e-03 6.5846e-03 6.0912e-03 6.1747e-03 5.9722e-03 6.2957e-03
 141.5000 5.8675e-03 5.3421e-03 6.3284e-03 5.3674e-03 6.2995e-03 5.8262e-03 5.9078e-03 5.7120e-03 6.0230e-03
 142.5000 5.6122e-03 5.1115e-03 6.0568e-03 5.1360e-03 6.0288e-03 5.5728e-03 5.6534e-03 5.4624e-03 5.7619e-03
 143.5000 5.3702e-03 4.8959e-03 5.7975e-03 4.9181e-03 5.7706e-03 5.3366e-03 5.4096e-03 5.2310e-03 5.5142e-03
 144.5000 5.1408e-03 4.6793e-03 5.5429e-03 4.7021e-03 5.5181e-03 5.1034e-03 5.1763e-03 5.0026e-03 5.2752e-03
 145.5000 4.9181e-03 4.4764e-03 5.3046e-03 4.4976e-03 5.2800e-03 4.8864e-03 4.9555e-03 4.7866e-03 5.0486e-03
 146.5000 4.7078e-03 4.2881e-03 5.0789e-03 4.3075e-03 5.0544e-03 4.6829e-03 4.7434e-03 4.5840e-03 4.8355e-03
 147.5000 4.5101e-03 4.1069e-03 4.8663e-03 4.1270e-03 4.8432e-03 4.4784e-03 4.5427e-03 4.3882e-03 4.6320e-03
 148.5000 4.3190e-03 3.9312e-03 4.6595e-03 3.9504e-03 4.6368e-03 4.2902e-03 4.3507e-03 4.2019e-03 4.4371e-03
 149.5000 4.1386e-03 3.7658e-03 4.4648e-03 3.7843e-03 4.4419e-03 4.1098e-03 4.1683e-03 4.0262e-03 4.2547e-03
 150.5000 3.9696e-03 3.6098e-03 4.2802e-03 3.6288e-03 4.2595e-03 3.9398e-03 3.9946e-03 3.8582e-03 4.0781e-03
 151.5000 3.8045e-03 3.4606e-03 4.1024e-03 3.4781e-03 4.0829e-03 3.7766e-03 3.8314e-03 3.6998e-03 3.9072e-03
 152.5000 3.6470e-03 3.3172e-03 3.9324e-03 3.3341e-03 3.9130e-03 3.6202e-03 3.6749e-03 3.5462e-03 3.7469e-03
 153.5000 3.4963e-03 3.1806e-03 3.7706e-03 3.1968e-03 3.7517e-03 3.4723e-03 3.5213e-03 3.3994e-03 3.5933e-03
 154.5000 3.3523e-03 3.0490e-03 3.6155e-03 3.0643e-03 3.5971e-03 3.3283e-03 3.3782e-03 3.2602e-03 3.4454e-03
 155.5000 3.2150e-03 2.9246e-03 3.4690e-03 2.9395e-03 3.4512e-03 3.1939e-03 3.2390e-03 3.1258e-03 3.3053e-03
 156.5000 3.0854e-03 2.8059e-03 3.3287e-03 2.8205e-03 3.3110e-03 3.0634e-03 3.1075e-03 2.9990e-03 3.1738e-03
 157.5000 2.9606e-03 2.6921e-03 3.1936e-03 2.7062e-03 3.1766e-03 2.9405e-03 2.9827e-03 2.8771e-03 3.0451e-03
 158.5000 2.8426e-03 2.5840e-03 3.0660e-03 2.5978e-03 3.0499e-03 2.8214e-03 2.8637e-03 2.7619e-03 2.9232e-03
 159.5000 2.7302e-03 2.4821e-03 2.9441e-03 2.4950e-03 2.9280e-03 2.7120e-03 2.7514e-03 2.6534e-03 2.8090e-03
 160.5000 2.6208e-03 2.3824e-03 2.8278e-03 2.3952e-03 2.8118e-03 2.6026e-03 2.6419e-03 2.5459e-03 2.6976e-03
 161.5000 2.5181e-03 2.2888e-03 2.7146e-03 2.3011e-03 2.7005e-03 2.4998e-03 2.5354e-03 2.4461e-03 2.5891e-03
 162.5000 2.4182e-03 2.1971e-03 2.6069e-03 2.2090e-03 2.5930e-03 2.4000e-03 2.4355e-03 2.3491e-03 2.4874e-03
 163.5000 2.3232e-03 2.1108e-03 2.5023e-03 2.1226e-03 2.4883e-03 2.3050e-03 2.3405e-03 2.2560e-03 2.3904e-03
 164.5000 2.2320e-03 2.0279e-03 2.4077e-03 2.0390e-03 2.3942e-03 2.2147e-03 2.2493e-03 2.1677e-03 2.2973e-03
 165.5000 2.1437e-03 1.9476e-03 2.3121e-03 1.9584e-03 2.2992e-03 2.1283e-03 2.1610e-03 2.0813e-03 2.2061e-03
 166.5000 2.0611e-03 1.8720e-03 2.2222e-03 1.8826e-03 2.2099e-03 2.0458e-03 2.0774e-03 2.0006e-03 2.1206e-03
 167.5000 1.9805e-03 1.7987e-03 2.1359e-03 1.8086e-03 2.1235e-03 1.9670e-03 1.9968e-03 1.9229e-03 2.0390e-03
 168.5000 1.9046e-03 1.7285e-03 2.0536e-03 1.7386e-03 2.0419e-03 1.8893e-03 1.9200e-03 1.8480e-03 1.9603e-03
 169.5000 1.8317e-03 1.6626e-03 1.9757e-03 1.6723e-03 1.9642e-03 1.8173e-03 1.8461e-03 1.7770e-03 1.8864e-03
 170.5000 1.7616e-03 1.5986e-03 1.8992e-03 1.6080e-03 1.8883e-03 1.7482e-03 1.7750e-03 1.7088e-03 1.8134e-03
 171.5000 1.6944e-03 1.5384e-03 1.8272e-03 1.5475e-03 1.8163e-03 1.6810e-03 1.7078e-03 1.6435e-03 1.7453e-03
 172.5000 1.6301e-03 1.4793e-03 1.7577e-03 1.4880e-03 1.7472e-03 1.6176e-03 1.6435e-03 1.5811e-03 1.6790e-03
 173.5000 1.5686e-03 1.4239e-03 1.6919e-03 1.4323e-03 1.6819e-03 1.5562e-03 1.5811e-03 1.5216e-03 1.6157e-03
 174.5000 1.5091e-03 1.3693e-03 1.6273e-03 1.3776e-03 1.6176e-03 1.4976e-03 1.5216e-03 1.4630e-03 1.5542e-03
 175.5000 1.4525e-03 1.3178e-03 1.5667e-03 1.3258e-03 1.5571e-03 1.4410e-03 1.4650e-03 1.4083e-03 1.4966e-03
 176.5000 1.3987e-03 1.2680e-03 1.5077e-03 1.2758e-03 1.4986e-03 1.3872e-03 1.4102e-03 1.3555e-03 1.4410e-03
 177.5000 1.3459e-03 1.2213e-03 1.4519e-03 1.2288e-03 1.4429e-03 1.3354e-03 1.3574e-03 1.3046e-03 1.3872e-03
 178.5000 1.2960e-03 1.1753e-03 1.3973e-03 1.1827e-03 1.3891e-03 1.2854e-03 1.3066e-03 1.2557e-03 1.3344e-03
 179.5000 1.2470e-03 1.1320e-03 1.3458e-03 1.1386e-03 1.3373e-03 1.2384e-03 1.2586e-03 1.2096e-03 1.2854e-03
 180.5000 1.2010e-03 1.0897e-03 1.2958e-03 1.0963e-03 1.2874e-03 1.1914e-03 1.2125e-03 1.1645e-03 1.2384e-03
 181.5000 1.1558e-03 1.0486e-03 1.2472e-03 1.0550e-03 1.2394e-03 1.1472e-03 1.1664e-03 1.1203e-03 1.1914e-03
 182.5000 1.1126e-03 1.0097e-03 1.2010e-03 1.0157e-03 1.1933e-03 1.1040e-03 1.1232e-03 1.0790e-03 1.1472e-03
 183.5000 1.0723e-03 9.7205e-04 1.1567e-03 9.7824e-04 1.1491e-03 1.0637e-03 1.0819e-03 1.0387e-03 1.1059e-03
 184.5000 1.0330e-03 9.3666e-04 1.1142e-03 9.4243e-04 1.1069e-03 1.0243e-03 1.0416e-03 1.0013e-03 1.0656e-03
 185.5000 9.9552e-04 9.0210e-04 1.0734e-03 9.0806e-04 1.0666e-03 9.8688e-04 1.0042e-03 9.6384e-04 1.0262e-03
 186.5000 9.5942e-04 8.6955e-04 1.0350e-03 8.7523e-04 1.0282e-03 9.5078e-04 9.6768e-04 9.2918e-04 9.8976e-04
 187.5000 9.2486e-04 8.3772e-04 9.9707e-04 8.4326e-04 9.9072e-04 9.1632e-04 9.3216e-04 8.9549e-04 9.5357e-04
 188.5000 8.9126e-04 8.0755e-04 9.6112e-04 8.1283e-04 9.5491e-04 8.8349e-04 8.9856e-04 8.6304e-04 9.1910e-04
 189.5000 8.5920e-04 7.7820e-04 9.2668e-04 7.8336e-04 9.2045e-04 8.5171e-04 8.6650e-04 8.3174e-04 8.8656e-04
 190.5000 8.2867e-04 7.5062e-04 8.9385e-04 7.5571e-04 8.8790e-04 8.2118e-04 8.3558e-04 8.0198e-04 8.5498e-04
 191.5000 7.9901e-04 7.2378e-04 8.6193e-04 7.2864e-04 8.5613e-04 7.9190e-04 8.0640e-04 7.7338e-04 8.2435e-04
 192.5000 7.7050e-04 6.9851e-04 8.3154e-04 7.0310e-04 8.2598e-04 7.6445e-04 7.7808e-04 7.4592e-04 7.9478e-04
 193.5000 7.4285e-04 6.7303e-04 8.0157e-04 6.7738e-04 7.9584e-04 7.3699e-04 7.5053e-04 7.1933e-04 7.6694e-04
 194.5000 7.1664e-04 6.4930e-04 7.7322e-04 6.5347e-04 7.6781e-04 7.1107e-04 7.2355e-04 6.9398e-04 7.3978e-04
 195.5000 6.9110e-04 6.2632e-04 7.4569e-04 6.3043e-04 7.4045e-04 6.8544e-04 6.9811e-04 6.6912e-04 7.1338e-04
 196.5000 6.6682e-04 6.0395e-04 7.1989e-04 6.0806e-04 7.1482e-04 6.6106e-04 6.7392e-04 6.4522e-04 6.8832e-04
 197.5000 6.4464e-04 5.8321e-04 6.9523e-04 5.8733e-04 6.9062e-04 6.3811e-04 6.5050e-04 6.2352e-04 6.6490e-04
 198.5000 6.2102e-04 5.6208e-04 6.7029e-04 5.6602e-04 6.6518e-04 6.1555e-04 6.2755e-04 6.0058e-04 6.4186e-04
 199.5000 5.9952e-04 5.4294e-04 6.4717e-04 5.4672e-04 6.4262e-04 5.9405e-04 6.0528e-04 5.7994e-04 6.1901e-04
 200.5000 5.7830e-04 5.2387e-04 6.2424e-04 5.2723e-04 6.1968e-04 5.7360e-04 5.8406e-04 5.6006e-04 5.9741e-04
 201.5000 5.5958e-04 5.0503e-04 6.0251e-04 5.0909e-04 5.9827e-04 5.5306e-04 5.6371e-04 5.4000e-04 5.7773e-04
 202.5000 5.3923e-04 4.8796e-04 5.8221e-04 4.9142e-04 5.7763e-04 5.3395e-04 5.4461e-04 5.2147e-04 5.5776e-04
 203.5000 5.2013e-04 4.7081e-04 5.6171e-04 4.7424e-04 5.5718e-04 5.1552e-04 5.2454e-04 5.0266e-04 5.3846e-04
 204.5000 5.0208e-04 4.5496e-04 5.4344e-04 4.5811e-04 5.3894e-04 4.9786e-04 5.0717e-04 4.8566e-04 5.2013e-04
 205.5000 4.8605e-04 4.3956e-04 5.2387e-04 4.4314e-04 5.2061e-04 4.8019e-04 4.8950e-04 4.6915e-04 5.0102e-04
 206.5000 4.6877e-04 4.2408e-04 5.0592e-04 4.2710e-04 5.0227e-04 4.6406e-04 4.7232e-04 4.5331e-04 4.8442e-04
 207.5000 4.5235e-04 4.0927e-04 4.8808e-04 4.1222e-04 4.8461e-04 4.4746e-04 4.5619e-04 4.3747e-04 4.6723e-04
 208.5000 4.3670e-04 3.9497e-04 4.7128e-04 3.9792e-04 4.6771e-04 4.3200e-04 4.4064e-04 4.2202e-04 4.5149e-04
 209.5000 4.2134e-04 3.8102e-04 4.5504e-04 3.8390e-04 4.5139e-04 4.1693e-04 4.2605e-04 4.0704e-04 4.3584e-04
 210.5000 4.0704e-04 3.6802e-04 4.3927e-04 3.7085e-04 4.3603e-04 4.0243e-04 4.1155e-04 3.9322e-04 4.2038e-04
 211.5000 3.9283e-04 3.5547e-04 4.2387e-04 3.5808e-04 4.2067e-04 3.8890e-04 3.9677e-04 3.7968e-04 4.0598e-04
 212.5000 3.7958e-04 3.4326e-04 4.0974e-04 3.4570e-04 4.0656e-04 3.7565e-04 3.8333e-04 3.6710e-04 3.9254e-04
 213.5000 3.6662e-04 3.3138e-04 3.9574e-04 3.3398e-04 3.9264e-04 3.6288e-04 3.7018e-04 3.5386e-04 3.7920e-04
 214.5000 3.5414e-04 3.2016e-04 3.8236e-04 3.2266e-04 3.7930e-04 3.5059e-04 3.5798e-04 3.4186e-04 3.6634e-04
 215.5000 3.4224e-04 3.0927e-04 3.6944e-04 3.1171e-04 3.6653e-04 3.3859e-04 3.4579e-04 3.3034e-04 3.5395e-04
 216.5000 3.3043e-04 2.9897e-04 3.5689e-04 3.0125e-04 3.5395e-04 3.2726e-04 3.3389e-04 3.1910e-04 3.4205e-04
 217.5000 3.1949e-04 2.8871e-04 3.4511e-04 2.9098e-04 3.4224e-04 3.1632e-04 3.2304e-04 3.0835e-04 3.3072e-04
 218.5000 3.0883e-04 2.7900e-04 3.3357e-04 2.8128e-04 3.3082e-04 3.0547e-04 3.1248e-04 2.9789e-04 3.1958e-04
 219.5000 2.9846e-04 2.6970e-04 3.2239e-04 2.7187e-04 3.1968e-04 2.9549e-04 3.0202e-04 2.8790e-04 3.0893e-04
 220.5000 2.8858e-04 2.6058e-04 3.1155e-04 2.6275e-04 3.0902e-04 2.8522e-04 2.9174e-04 2.7830e-04 2.9856e-04
 221.5000 2.7898e-04 2.5192e-04 3.0124e-04 2.5402e-04 2.9875e-04 2.7590e-04 2.8195e-04 2.6899e-04 2.8877e-04
 222.5000 2.6966e-04 2.4356e-04 2.9128e-04 2.4557e-04 2.8886e-04 2.6669e-04 2.7254e-04 2.6006e-04 2.7917e-04
 223.5000 2.6074e-04 2.3533e-04 2.8137e-04 2.3741e-04 2.7926e-04 2.5690e-04 2.6352e-04 2.5142e-04 2.6938e-04
 224.5000 2.5114e-04 2.2709e-04 2.7171e-04 2.2886e-04 2.6918e-04 2.4835e-04 2.5469e-04 2.4250e-04 2.6035e-04
 225.5000 2.4317e-04 2.1940e-04 2.6262e-04 2.2128e-04 2.6045e-04 2.4010e-04 2.4576e-04 2.3443e-04 2.5171e-04
 226.5000 2.3510e-04 2.1214e-04 2.5392e-04 2.1398e-04 2.5181e-04 2.3222e-04 2.3770e-04 2.2656e-04 2.4336e-04
 227.5000 2.2723e-04 2.0529e-04 2.4562e-04 2.0698e-04 2.4346e-04 2.2445e-04 2.2982e-04 2.1926e-04 2.3549e-04
 228.5000 2.1965e-04 1.9839e-04 2.3733e-04 2.0006e-04 2.3539e-04 2.1715e-04 2.2205e-04 2.1178e-04 2.2733e-04
 229.5000 2.1322e-04 1.9224e-04 2.3032e-04 1.9392e-04 2.2838e-04 2.1053e-04 2.1542e-04 2.0544e-04 2.2080e-04
 230.5000 2.0592e-04 1.8594e-04 2.2292e-04 1.8739e-04 2.2090e-04 2.0362e-04 2.0832e-04 1.9882e-04 2.1360e-04
 231.5000 1.9920e-04 1.8003e-04 2.1506e-04 1.8154e-04 2.1350e-04 1.9670e-04 2.0131e-04 1.9219e-04 2.0573e-04
 232.5000 1.9267e-04 1.7404e-04 2.0772e-04 1.7558e-04 2.0611e-04 1.8998e-04 1.9478e-04 1.8576e-04 1.9910e-04
 233.5000 1.8605e-04 1.6790e-04 2.0107e-04 1.6934e-04 1.9930e-04 1.8374e-04 1.8854e-04 1.7933e-04 1.9267e-04
 234.5000 1.7952e-04 1.6203e-04 1.9402e-04 1.6339e-04 1.9229e-04 1.7770e-04 1.8192e-04 1.7299e-04 1.8595e-04
 235.5000 1.7376e-04 1.5673e-04 1.8788e-04 1.5811e-04 1.8614e-04 1.7155e-04 1.7616e-04 1.6742e-04 1.8010e-04
 236.5000 1.6810e-04 1.5171e-04 1.8179e-04 1.5302e-04 1.8010e-04 1.6589e-04 1.7050e-04 1.6205e-04 1.7424e-04
 237.5000 1.6262e-04 1.4674e-04 1.7602e-04 1.4803e-04 1.7434e-04 1.6061e-04 1.6502e-04 1.5667e-04 1.6867e-04
 238.5000 1.5734e-04 1.4198e-04 1.7022e-04 1.4323e-04 1.6858e-04 1.5542e-04 1.5965e-04 1.5158e-04 1.6320e-04
 239.5000 1.5226e-04 1.3739e-04 1.6475e-04 1.3862e-04 1.6320e-04 1.5024e-04 1.5456e-04 1.4669e-04 1.5782e-04
 240.5000 1.4736e-04 1.3275e-04 1.5921e-04 1.3402e-04 1.5782e-04 1.4525e-04 1.4909e-04 1.4179e-04 1.5264e-04
 241.5000 1.4227e-04 1.2857e-04 1.5391e-04 1.2970e-04 1.5245e-04 1.4064e-04 1.4429e-04 1.3709e-04 1.4755e-04
 242.5000 1.3766e-04 1.2431e-04 1.4914e-04 1.2538e-04 1.4765e-04 1.3613e-04 1.3968e-04 1.3267e-04 1.4294e-04
 243.5000 1.3334e-04 1.2003e-04 1.4427e-04 1.2115e-04 1.4285e-04 1.3171e-04 1.3536e-04 1.2826e-04 1.3834e-04
 244.5000 1.2912e-04 1.1627e-04 1.3969e-04 1.1741e-04 1.3834e-04 1.2739e-04 1.3104e-04 1.2413e-04 1.3392e-04
 245.5000 1.2490e-04 1.1261e-04 1.3522e-04 1.1366e-04 1.3392e-04 1.2326e-04 1.2662e-04 1.2019e-04 1.2960e-04
 246.5000 1.2086e-04 1.0889e-04 1.3076e-04 1.0992e-04 1.2950e-04 1.1933e-04 1.2259e-04 1.1626e-04 1.2538e-04
 247.5000 1.1702e-04 1.0548e-04 1.2665e-04 1.0646e-04 1.2547e-04 1.1549e-04 1.1866e-04 1.1261e-04 1.2134e-04
 248.5000 1.1328e-04 1.0200e-04 1.2247e-04 1.0301e-04 1.2134e-04 1.1155e-04 1.1482e-04 1.0896e-04 1.1741e-04
 249.5000 1.0954e-04 9.8737e-05 1.1860e-04 9.9648e-05 1.1741e-04 1.0819e-04 1.1107e-04 1.0541e-04 1.1376e-04
 250.5000 1.0608e-04 9.5503e-05 1.1472e-04 9.6480e-05 1.1366e-04 1.0445e-04 1.0762e-04 1.0195e-04 1.0992e-04
 251.5000 1.0205e-04 9.2834e-05 1.1060e-04 9.3466e-05 1.0934e-04 1.0128e-04 1.0416e-04 9.8784e-05 1.0598e-04
 252.5000 9.8784e-05 8.9151e-05 1.0727e-04 8.9741e-05 1.0589e-04 9.7824e-05 1.0090e-04 9.5606e-05 1.0291e-04
 253.5000 9.6288e-05 8.6677e-05 1.0415e-04 8.7542e-05 1.0310e-04 9.4867e-05 9.7728e-05 9.2563e-05 9.9936e-05
 254.5000 9.3120e-05 8.3920e-05 1.0086e-04 8.4739e-05 9.9840e-05 9.1757e-05 9.4570e-05 8.9578e-05 9.6672e-05
 255.5000 8.9971e-05 8.1115e-05 9.7550e-05 8.1859e-05 9.6480e-05 8.8762e-05 9.1603e-05 8.6630e-05 9.3494e-05
 256.5000 8.7043e-05 7.8618e-05 9.4257e-05 7.9334e-05 9.3293e-05 8.5968e-05 8.8464e-05 8.3818e-05 9.0355e-05
 257.5000 8.4336e-05 7.5979e-05 9.1306e-05 7.6685e-05 9.0365e-05 8.3242e-05 8.5757e-05 8.1158e-05 8.7533e-05
 258.5000 8.1763e-05 7.3576e-05 8.8545e-05 7.4304e-05 8.7638e-05 8.0602e-05 8.3126e-05 7.8595e-05 8.4864e-05
 259.5000 7.9114e-05 7.1248e-05 8.5669e-05 7.1933e-05 8.4768e-05 7.7962e-05 8.0477e-05 7.6118e-05 8.2138e-05
 260.5000 7.6627e-05 6.9044e-05 8.3034e-05 6.9715e-05 8.2166e-05 7.5408e-05 7.7702e-05 7.3757e-05 7.9661e-05
 261.5000 7.4054e-05 6.6696e-05 8.0213e-05 6.7382e-05 7.9373e-05 7.2950e-05 7.5216e-05 7.1155e-05 7.6934e-05
 262.5000 7.1693e-05 6.4546e-05 7.7666e-05 6.5184e-05 7.6877e-05 7.0637e-05 7.2768e-05 6.8938e-05 7.4458e-05
 263.5000 6.9418e-05 6.2476e-05 7.5194e-05 6.3091e-05 7.4381e-05 6.8371e-05 7.0666e-05 6.6758e-05 7.2096e-05
 264.5000 6.7258e-05 6.0551e-05 7.2866e-05 6.1171e-05 7.2077e-05 6.6202e-05 6.8333e-05 6.4646e-05 6.9917e-05
 265.5000 6.5088e-05 5.8590e-05 7.0534e-05 5.9184e-05 6.9773e-05 6.4070e-05 6.6202e-05 6.2573e-05 6.7632e-05
 266.5000 6.2986e-05 5.6676e-05 6.8255e-05 5.7274e-05 6.7526e-05 6.1939e-05 6.4080e-05 6.0518e-05 6.5424e-05
 267.5000 6.1046e-05 5.4899e-05 6.6153e-05 5.5478e-05 6.5414e-05 6.0010e-05 6.2026e-05 5.8656e-05 6.3504e-05
 268.5000 5.9069e-05 5.3048e-05 6.4105e-05 5.3587e-05 6.3389e-05 5.8147e-05 6.0086e-05 5.6755e-05 6.1450e-05
 269.5000 5.7235e-05 5.1500e-05 6.1977e-05 5.2051e-05 6.1315e-05 5.6294e-05 5.8214e-05 5.4970e-05 5.9443e-05
 270.5000 5.5334e-05 4.9763e-05 6.0045e-05 5.0294e-05 5.9328e-05 5.4250e-05 5.6275e-05 5.3222e-05 5.7648e-05
 271.5000 5.3280e-05 4.7961e-05 5.7684e-05 4.8480e-05 5.7053e-05 5.2512e-05 5.4269e-05 5.1120e-05 5.5325e-05
 272.5000 5.1562e-05 4.6415e-05 5.5896e-05 4.6886e-05 5.5286e-05 5.0861e-05 5.2618e-05 4.9526e-05 5.3510e-05
 273.5000 5.0275e-05 4.5189e-05 5.4460e-05 4.5706e-05 5.3875e-05 4.9469e-05 5.1187e-05 4.8192e-05 5.2205e-05
 274.5000 4.8624e-05 4.3747e-05 5.2844e-05 4.4198e-05 5.2166e-05 4.7750e-05 4.9603e-05 4.6771e-05 5.0698e-05
 275.5000 4.7146e-05 4.2364e-05 5.1079e-05 4.2864e-05 5.0477e-05 4.6205e-05 4.8058e-05 4.5235e-05 4.9027e-05
 276.5000 4.5590e-05 4.1039e-05 4.9422e-05 4.1482e-05 4.8883e-05 4.4957e-05 4.6416e-05 4.3738e-05 4.7366e-05
 277.5000 4.4141e-05 3.9688e-05 4.7842e-05 4.0128e-05 4.7309e-05 4.3430e-05 4.4803e-05 4.2346e-05 4.5936e-05
 278.5000 4.2768e-05 3.8461e-05 4.6362e-05 3.8880e-05 4.5878e-05 4.2125e-05 4.3488e-05 4.1030e-05 4.4419e-05
 279.5000 4.1386e-05 3.7084e-05 4.4876e-05 3.7555e-05 4.4371e-05 4.0752e-05 4.2077e-05 3.9533e-05 4.3056e-05
 280.5000 4.0051e-05 3.6035e-05 4.3450e-05 3.6413e-05 4.2931e-05 3.9456e-05 4.0800e-05 3.8458e-05 4.1693e-05
 281.5000 3.8803e-05 3.4871e-05 4.2056e-05 3.5261e-05 4.1597e-05 3.8170e-05 3.9494e-05 3.7219e-05 4.0320e-05
 282.5000 3.7536e-05 3.3727e-05 4.0713e-05 3.4090e-05 4.0243e-05 3.6960e-05 3.8218e-05 3.6019e-05 3.9053e-05
 283.5000 3.6365e-05 3.2638e-05 3.9433e-05 3.3034e-05 3.8957e-05 3.5568e-05 3.7018e-05 3.4896e-05 3.7872e-05
 284.5000 3.5251e-05 3.1559e-05 3.8048e-05 3.1968e-05 3.7766e-05 3.4416e-05 3.5885e-05 3.3782e-05 3.6298e-05
 285.5000 3.4070e-05 3.0579e-05 3.6796e-05 3.0941e-05 3.6461e-05 3.3437e-05 3.4790e-05 3.2659e-05 3.5165e-05
 286.5000 3.2736e-05 2.9431e-05 3.5542e-05 2.9750e-05 3.5098e-05 3.2285e-05 3.3456e-05 3.1392e-05 3.4070e-05
 287.5000 3.1747e-05 2.8566e-05 3.4448e-05 2.8886e-05 3.4042e-05 3.1267e-05 3.2362e-05 3.0442e-05 3.3034e-05
 288.5000 3.0845e-05 2.7687e-05 3.3437e-05 2.8013e-05 3.3053e-05 3.0259e-05 3.1402e-05 2.9578e-05 3.2083e-05
 289.5000 2.9866e-05 2.6836e-05 3.2414e-05 2.7139e-05 3.2026e-05 2.9357e-05 3.0470e-05 2.8646e-05 3.1075e-05
 290.5000 2.8934e-05 2.5962e-05 3.1405e-05 2.6275e-05 3.1027e-05 2.8406e-05 2.9510e-05 2.7715e-05 3.0115e-05
 291.5000 2.8051e-05 2.5164e-05 3.0408e-05 2.5478e-05 3.0058e-05 2.7504e-05 2.8589e-05 2.6861e-05 2.9165e-05
 292.5000 2.7149e-05 2.4375e-05 2.9436e-05 2.4672e-05 2.9098e-05 2.6621e-05 2.7677e-05 2.6016e-05 2.8224e-05
 293.5000 2.6246e-05 2.3574e-05 2.8520e-05 2.3846e-05 2.8157e-05 2.5795e-05 2.6813e-05 2.5162e-05 2.7341e-05
 294.5000 2.5382e-05 2.2848e-05 2.7601e-05 2.3107e-05 2.7235e-05 2.4922e-05 2.5901e-05 2.4365e-05 2.6486e-05
 295.5000 2.4605e-05 2.2129e-05 2.6730e-05 2.2387e-05 2.6381e-05 2.4163e-05 2.5123e-05 2.3597e-05 2.5651e-05
 296.5000 2.3827e-05 2.1386e-05 2.5889e-05 2.1638e-05 2.5555e-05 2.3414e-05 2.4326e-05 2.2829e-05 2.4835e-05
 297.5000 2.3098e-05 2.0723e-05 2.5050e-05 2.0986e-05 2.4768e-05 2.2608e-05 2.3510e-05 2.2128e-05 2.4019e-05
 298.5000 2.2358e-05 2.0056e-05 2.4282e-05 2.0304e-05 2.3990e-05 2.1917e-05 2.2810e-05 2.1418e-05 2.3270e-05
 299.5000 2.1658e-05 1.9458e-05 2.3505e-05 1.9699e-05 2.3213e-05 2.1226e-05 2.2080e-05 2.0755e-05 2.2560e-05
