# FONLL heavy quark hadroproduction cross section, calculated on Thu Mar 30 04:28:20 CEST 2023
# FONLL version and perturbative order: ## FONLL v1.4.0 fonll [ds/dpt^2dy (pb/GeV^2)]
# quark = charm
# final state = lepton (meson = 0.7 D0 + 0.3 D+). NP params (cm,lm,hm) = 0.1, 0.06, 0.135
# BR(q->meson) = 1
# BR(meson->lepton) = 0.103
# ebeam1 = 6800, ebeam2 = 6800
# PDF set = NNPDF30_nlo_as_0118
# ptmin = 0.5
# ptmax = 299.5
# etamin = -1
# etamax = 1
# Uncertainties from scales, masses, PDFs combined quadratically
# cross section is ds/dpt (pb/GeV)
# pt      central      min       max       min_sc     max_sc     min_mass   max_mass     min_pdf    max_pdf
   0.5000 1.1907e+08 1.6270e+07 2.8197e+08 1.9972e+07 2.7934e+08 9.9045e+07 1.4183e+08 1.0046e+08 1.3730e+08
   1.5000 2.1331e+07 7.6218e+06 4.0616e+07 8.1586e+06 3.9933e+07 1.7675e+07 2.6296e+07 2.0301e+07 2.2433e+07
   2.5000 4.8770e+06 2.6299e+06 8.0790e+06 2.7367e+06 7.9485e+06 4.2096e+06 5.7701e+06 4.7246e+06 5.0233e+06
   3.5000 1.5151e+06 9.8403e+05 2.3081e+06 1.0132e+06 2.2742e+06 1.3462e+06 1.7407e+06 1.4750e+06 1.5553e+06
   4.5000 5.8442e+05 4.2117e+05 8.3767e+05 4.3064e+05 8.2668e+05 5.3169e+05 6.5673e+05 5.6949e+05 5.9925e+05
   5.5000 2.6193e+05 1.9853e+05 3.5945e+05 2.0219e+05 3.5525e+05 2.4184e+05 2.8943e+05 2.5503e+05 2.6862e+05
   6.5000 1.3102e+05 1.0172e+05 1.7365e+05 1.0331e+05 1.7180e+05 1.2216e+05 1.4296e+05 1.2751e+05 1.3442e+05
   7.5000 7.1049e+04 5.6317e+04 9.2042e+04 5.7021e+04 9.1093e+04 6.6971e+04 7.6972e+04 6.9154e+04 7.3017e+04
   8.5000 4.1179e+04 3.3080e+04 5.2186e+04 3.3454e+04 5.1665e+04 3.9027e+04 4.4311e+04 4.0046e+04 4.2364e+04
   9.5000 2.5204e+04 2.0460e+04 3.1364e+04 2.0682e+04 3.1075e+04 2.3999e+04 2.6914e+04 2.4421e+04 2.5946e+04
  10.5000 1.6068e+04 1.3192e+04 1.9790e+04 1.3328e+04 1.9601e+04 1.5347e+04 1.7129e+04 1.5574e+04 1.6562e+04
  11.5000 1.0630e+04 8.8122e+03 1.2919e+04 8.8982e+03 1.2793e+04 1.0189e+04 1.1299e+04 1.0297e+04 1.0970e+04
  12.5000 7.2533e+03 6.0522e+03 8.7397e+03 6.1110e+03 8.6499e+03 6.9659e+03 7.7044e+03 7.0184e+03 7.4881e+03
  13.5000 5.0882e+03 4.2699e+03 6.0730e+03 4.3106e+03 6.0111e+03 4.8976e+03 5.3879e+03 4.9193e+03 5.2561e+03
  14.5000 3.6483e+03 3.0793e+03 4.3299e+03 3.1085e+03 4.2848e+03 3.5174e+03 3.8584e+03 3.5247e+03 3.7719e+03
  15.5000 2.6687e+03 2.2633e+03 3.1431e+03 2.2845e+03 3.1096e+03 2.5781e+03 2.8181e+03 2.5760e+03 2.7604e+03
  16.5000 1.9879e+03 1.6919e+03 2.3266e+03 1.7077e+03 2.3021e+03 1.9220e+03 2.0940e+03 1.9189e+03 2.0569e+03
  17.5000 1.5048e+03 1.2858e+03 1.7539e+03 1.2978e+03 1.7345e+03 1.4575e+03 1.5841e+03 1.4513e+03 1.5594e+03
  18.5000 1.1546e+03 9.8987e+02 1.3406e+03 9.9951e+02 1.3256e+03 1.1186e+03 1.2144e+03 1.1124e+03 1.1969e+03
  19.5000 8.9764e+02 7.7190e+02 1.0376e+03 7.7930e+02 1.0258e+03 8.7097e+02 9.4338e+02 8.6458e+02 9.3061e+02
  20.5000 7.0617e+02 6.0799e+02 8.1377e+02 6.1409e+02 8.0433e+02 6.8474e+02 7.4181e+02 6.7970e+02 7.3212e+02
  21.5000 5.6042e+02 4.8507e+02 6.4347e+02 4.8987e+02 6.3582e+02 5.4446e+02 5.8803e+02 5.3931e+02 5.8164e+02
  22.5000 4.5001e+02 3.8974e+02 5.1496e+02 3.9377e+02 5.0882e+02 4.3682e+02 4.7164e+02 4.3281e+02 4.6711e+02
  23.5000 3.6400e+02 3.1592e+02 4.1573e+02 3.1920e+02 4.1066e+02 3.5360e+02 3.8131e+02 3.4999e+02 3.7811e+02
  24.5000 2.9695e+02 2.5826e+02 3.3849e+02 2.6100e+02 3.3424e+02 2.8850e+02 3.1116e+02 2.8541e+02 3.0849e+02
  25.5000 2.4421e+02 2.1264e+02 2.7739e+02 2.1496e+02 2.7388e+02 2.3731e+02 2.5565e+02 2.3453e+02 2.5369e+02
  26.5000 2.0219e+02 1.7636e+02 2.2895e+02 1.7829e+02 2.2609e+02 1.9673e+02 2.1136e+02 1.9405e+02 2.1002e+02
  27.5000 1.6799e+02 1.4689e+02 1.9036e+02 1.4842e+02 1.8777e+02 1.6367e+02 1.7603e+02 1.6140e+02 1.7469e+02
  28.5000 1.4070e+02 1.2321e+02 1.5912e+02 1.2453e+02 1.5697e+02 1.3720e+02 1.4729e+02 1.3503e+02 1.4626e+02
  29.5000 1.1866e+02 1.0395e+02 1.3384e+02 1.0506e+02 1.3205e+02 1.1567e+02 1.2401e+02 1.1392e+02 1.2339e+02
  30.5000 1.0048e+02 8.8148e+01 1.1319e+02 8.9136e+01 1.1165e+02 9.7912e+01 1.0496e+02 9.6377e+01 1.0455e+02
  31.5000 8.5480e+01 7.5068e+01 9.6271e+01 7.5901e+01 9.4956e+01 8.3317e+01 8.9311e+01 8.2019e+01 8.8941e+01
  32.5000 7.3089e+01 6.4271e+01 8.2207e+01 6.4993e+01 8.1082e+01 7.1194e+01 7.6323e+01 7.0153e+01 7.6055e+01
  33.5000 6.2758e+01 5.5243e+01 7.0471e+01 5.5877e+01 6.9484e+01 6.1161e+01 6.5508e+01 6.0193e+01 6.5343e+01
  34.5000 5.4065e+01 4.7614e+01 6.0689e+01 4.8173e+01 5.9833e+01 5.2654e+01 5.6454e+01 5.1850e+01 5.6279e+01
  35.5000 4.6803e+01 4.1241e+01 5.2443e+01 4.1736e+01 5.1696e+01 4.5578e+01 4.8853e+01 4.4867e+01 4.8719e+01
  36.5000 4.0644e+01 3.5860e+01 4.5504e+01 3.6287e+01 4.4846e+01 3.9603e+01 4.2415e+01 3.8965e+01 4.2323e+01
  37.5000 3.5432e+01 3.1263e+01 3.9645e+01 3.1652e+01 3.9068e+01 3.4505e+01 3.6987e+01 3.3938e+01 3.6884e+01
  38.5000 3.0982e+01 2.7353e+01 3.4618e+01 2.7697e+01 3.4103e+01 3.0169e+01 3.2342e+01 2.9674e+01 3.2260e+01
  39.5000 2.7151e+01 2.4016e+01 3.0339e+01 2.4308e+01 2.9880e+01 2.6471e+01 2.8356e+01 2.6018e+01 2.8273e+01
  40.5000 2.3896e+01 2.1125e+01 2.6657e+01 2.1393e+01 2.6255e+01 2.3268e+01 2.4926e+01 2.2887e+01 2.4895e+01
  41.5000 2.1053e+01 1.8659e+01 2.3505e+01 1.8890e+01 2.3134e+01 2.0518e+01 2.2001e+01 2.0178e+01 2.1939e+01
  42.5000 1.8622e+01 1.6512e+01 2.0783e+01 1.6717e+01 2.0456e+01 1.8149e+01 1.9457e+01 1.7850e+01 1.9405e+01
  43.5000 1.6521e+01 1.4648e+01 1.8408e+01 1.4832e+01 1.8118e+01 1.6099e+01 1.7253e+01 1.5831e+01 1.7211e+01
  44.5000 1.4688e+01 1.3039e+01 1.6355e+01 1.3205e+01 1.6099e+01 1.4317e+01 1.5326e+01 1.4070e+01 1.5306e+01
  45.5000 1.3081e+01 1.1628e+01 1.4559e+01 1.1773e+01 1.4327e+01 1.2762e+01 1.3658e+01 1.2535e+01 1.3627e+01
  46.5000 1.1680e+01 1.0378e+01 1.2989e+01 1.0506e+01 1.2782e+01 1.1392e+01 1.2185e+01 1.1196e+01 1.2175e+01
  47.5000 1.0454e+01 9.2942e+00 1.1620e+01 9.4121e+00 1.1433e+01 1.0197e+01 1.0908e+01 1.0015e+01 1.0897e+01
  48.5000 9.3751e+00 8.3392e+00 1.0420e+01 8.4450e+00 1.0251e+01 9.1464e+00 9.7860e+00 8.9806e+00 9.7706e+00
  49.5000 8.4223e+00 7.4960e+00 9.3573e+00 7.5911e+00 9.2041e+00 8.2184e+00 8.7921e+00 8.0680e+00 8.7777e+00
  50.5000 7.5808e+00 6.7497e+00 8.4172e+00 6.8361e+00 8.2781e+00 7.3975e+00 7.9145e+00 7.2605e+00 7.9001e+00
  51.5000 6.8371e+00 6.0907e+00 7.5893e+00 6.1687e+00 7.4634e+00 6.6723e+00 7.1379e+00 6.5487e+00 7.1255e+00
  52.5000 6.1759e+00 5.5038e+00 6.8557e+00 5.5744e+00 6.7393e+00 6.0276e+00 6.4530e+00 5.9153e+00 6.4365e+00
  53.5000 5.5898e+00 4.9828e+00 6.1981e+00 5.0470e+00 6.0935e+00 5.4549e+00 5.8380e+00 5.3539e+00 5.8236e+00
  54.5000 5.0655e+00 4.5193e+00 5.6161e+00 4.5773e+00 5.5208e+00 4.9450e+00 5.2890e+00 4.8523e+00 5.2798e+00
  55.5000 4.6000e+00 4.1049e+00 5.0963e+00 4.1581e+00 5.0099e+00 4.4908e+00 4.8019e+00 4.4053e+00 4.7936e+00
  56.5000 4.1818e+00 3.7345e+00 4.6335e+00 3.7822e+00 4.5536e+00 4.0850e+00 4.3672e+00 4.0057e+00 4.3590e+00
  57.5000 3.8079e+00 3.4018e+00 4.2209e+00 3.4453e+00 4.1478e+00 3.7204e+00 3.9779e+00 3.6472e+00 3.9696e+00
  58.5000 3.4762e+00 3.1032e+00 3.8463e+00 3.1436e+00 3.7801e+00 3.3939e+00 3.6287e+00 3.3290e+00 3.6225e+00
  59.5000 3.1745e+00 2.8354e+00 3.5113e+00 2.8727e+00 3.4495e+00 3.0993e+00 3.3156e+00 3.0395e+00 3.3084e+00
  60.5000 2.9005e+00 2.5941e+00 3.2100e+00 2.6275e+00 3.1528e+00 2.8346e+00 3.0313e+00 2.7779e+00 3.0231e+00
  61.5000 2.6564e+00 2.3763e+00 2.9386e+00 2.4071e+00 2.8861e+00 2.5956e+00 2.7759e+00 2.5441e+00 2.7686e+00
  62.5000 2.4349e+00 2.1790e+00 2.6927e+00 2.2073e+00 2.6450e+00 2.3793e+00 2.5431e+00 2.3319e+00 2.5379e+00
  63.5000 2.2351e+00 2.0010e+00 2.4719e+00 2.0270e+00 2.4277e+00 2.1846e+00 2.3350e+00 2.1403e+00 2.3299e+00
  64.5000 2.0538e+00 1.8395e+00 2.2721e+00 1.8633e+00 2.2310e+00 2.0075e+00 2.1465e+00 1.9673e+00 2.1414e+00
  65.5000 1.8901e+00 1.6928e+00 2.0894e+00 1.7149e+00 2.0518e+00 1.8478e+00 1.9745e+00 1.8097e+00 1.9704e+00
  66.5000 1.7407e+00 1.5596e+00 1.9249e+00 1.5800e+00 1.8901e+00 1.7005e+00 1.8190e+00 1.6676e+00 1.8149e+00
  67.5000 1.6058e+00 1.4375e+00 1.7740e+00 1.4564e+00 1.7428e+00 1.5687e+00 1.6768e+00 1.5378e+00 1.6727e+00
  68.5000 1.4822e+00 1.3268e+00 1.6369e+00 1.3441e+00 1.6078e+00 1.4482e+00 1.5481e+00 1.4193e+00 1.5440e+00
  69.5000 1.3689e+00 1.2263e+00 1.5140e+00 1.2422e+00 1.4863e+00 1.3380e+00 1.4307e+00 1.3112e+00 1.4276e+00
  70.5000 1.2669e+00 1.1335e+00 1.3989e+00 1.1484e+00 1.3740e+00 1.2370e+00 1.3225e+00 1.2133e+00 1.3205e+00
  71.5000 1.1721e+00 1.0493e+00 1.2954e+00 1.0630e+00 1.2721e+00 1.1454e+00 1.2247e+00 1.1227e+00 1.2216e+00
  72.5000 1.0867e+00 9.7231e-01 1.1998e+00 9.8509e-01 1.1783e+00 1.0619e+00 1.1351e+00 1.0403e+00 1.1320e+00
  73.5000 1.0076e+00 9.0173e-01 1.1131e+00 9.1351e-01 1.0928e+00 9.8447e-01 1.0527e+00 9.6501e-01 1.0506e+00
  74.5000 9.3545e-01 8.3695e-01 1.0333e+00 8.4790e-01 1.0146e+00 9.1392e-01 9.7737e-01 8.9579e-01 9.7500e-01
  75.5000 8.6911e-01 7.7761e-01 9.6001e-01 7.8774e-01 9.4255e-01 8.4913e-01 9.0805e-01 8.3234e-01 9.0589e-01
  76.5000 8.0814e-01 7.2305e-01 8.9268e-01 7.3243e-01 8.7643e-01 7.8970e-01 8.4439e-01 7.7394e-01 8.4233e-01
  77.5000 7.5211e-01 6.7282e-01 8.3072e-01 6.8155e-01 8.1555e-01 7.3490e-01 7.8589e-01 7.2028e-01 7.8393e-01
  78.5000 7.0050e-01 6.2657e-01 7.7365e-01 6.3469e-01 7.5952e-01 6.8454e-01 7.3192e-01 6.7084e-01 7.3017e-01
  79.5000 6.5302e-01 5.8394e-01 7.2108e-01 5.9153e-01 7.0792e-01 6.3809e-01 6.8227e-01 6.2531e-01 6.8062e-01
  80.5000 6.0914e-01 5.4472e-01 6.7261e-01 5.5177e-01 6.6033e-01 5.9534e-01 6.3644e-01 5.8329e-01 6.3489e-01
  81.5000 5.6866e-01 5.0854e-01 6.2797e-01 5.1510e-01 6.1645e-01 5.5579e-01 5.9421e-01 5.4456e-01 5.9276e-01
  82.5000 5.3127e-01 4.7497e-01 5.8663e-01 4.8111e-01 5.7587e-01 5.1922e-01 5.5517e-01 5.0872e-01 5.5373e-01
  83.5000 4.9667e-01 4.4403e-01 5.4836e-01 4.4980e-01 5.3828e-01 4.8534e-01 5.1902e-01 4.7555e-01 5.1768e-01
  84.5000 4.6463e-01 4.1541e-01 5.1305e-01 4.2076e-01 5.0357e-01 4.5413e-01 4.8554e-01 4.4496e-01 4.8441e-01
  85.5000 4.3507e-01 3.8880e-01 4.8025e-01 3.9387e-01 4.7143e-01 4.2508e-01 4.5454e-01 4.1653e-01 4.5351e-01
  86.5000 4.0757e-01 3.6422e-01 4.4997e-01 3.6895e-01 4.4166e-01 3.9820e-01 4.2591e-01 3.9027e-01 4.2488e-01
  87.5000 3.8203e-01 3.4133e-01 4.2178e-01 3.4577e-01 4.1396e-01 3.7327e-01 3.9923e-01 3.6575e-01 3.9830e-01
  88.5000 3.5834e-01 3.2018e-01 3.9565e-01 3.2435e-01 3.8831e-01 3.5010e-01 3.7451e-01 3.4309e-01 3.7358e-01
  89.5000 3.3630e-01 3.0048e-01 3.7134e-01 3.0436e-01 3.6441e-01 3.2867e-01 3.5154e-01 3.2198e-01 3.5061e-01
  90.5000 3.1590e-01 2.8216e-01 3.4871e-01 2.8582e-01 3.4227e-01 3.0869e-01 3.3011e-01 3.0241e-01 3.2929e-01
  91.5000 2.9685e-01 2.6508e-01 3.2768e-01 2.6852e-01 3.2157e-01 2.9005e-01 3.1024e-01 2.8418e-01 3.0951e-01
  92.5000 2.7913e-01 2.4930e-01 3.0816e-01 2.5256e-01 3.0241e-01 2.7274e-01 2.9180e-01 2.6718e-01 2.9097e-01
  93.5000 2.6255e-01 2.3447e-01 2.8994e-01 2.3752e-01 2.8449e-01 2.5657e-01 2.7450e-01 2.5132e-01 2.7377e-01
  94.5000 2.4720e-01 2.2072e-01 2.7295e-01 2.2361e-01 2.6780e-01 2.4153e-01 2.5843e-01 2.3659e-01 2.5781e-01
  95.5000 2.3278e-01 2.0787e-01 2.5710e-01 2.1053e-01 2.5225e-01 2.2753e-01 2.4339e-01 2.2289e-01 2.4277e-01
  96.5000 2.1939e-01 1.9586e-01 2.4219e-01 1.9838e-01 2.3762e-01 2.1445e-01 2.2938e-01 2.1002e-01 2.2876e-01
  97.5000 2.0682e-01 1.8466e-01 2.2837e-01 1.8705e-01 2.2403e-01 2.0219e-01 2.1630e-01 1.9797e-01 2.1568e-01
  98.5000 1.9508e-01 1.7418e-01 2.1549e-01 1.7644e-01 2.1136e-01 1.9065e-01 2.0404e-01 1.8674e-01 2.0353e-01
  99.5000 1.8416e-01 1.6439e-01 2.0339e-01 1.6655e-01 1.9951e-01 1.7994e-01 1.9261e-01 1.7623e-01 1.9210e-01
 100.5000 1.7386e-01 1.5519e-01 1.9208e-01 1.5718e-01 1.8839e-01 1.6995e-01 1.8190e-01 1.6645e-01 1.8138e-01
 101.5000 1.6429e-01 1.4660e-01 1.8145e-01 1.4853e-01 1.7798e-01 1.6058e-01 1.7180e-01 1.5718e-01 1.7139e-01
 102.5000 1.5532e-01 1.3859e-01 1.7148e-01 1.4039e-01 1.6820e-01 1.5182e-01 1.6243e-01 1.4863e-01 1.6202e-01
 103.5000 1.4688e-01 1.3104e-01 1.6215e-01 1.3277e-01 1.5903e-01 1.4358e-01 1.5357e-01 1.4049e-01 1.5326e-01
 104.5000 1.3895e-01 1.2390e-01 1.5342e-01 1.2556e-01 1.5048e-01 1.3575e-01 1.4533e-01 1.3287e-01 1.4492e-01
 105.5000 1.3153e-01 1.1729e-01 1.4521e-01 1.1886e-01 1.4245e-01 1.2854e-01 1.3750e-01 1.2576e-01 1.3720e-01
 106.5000 1.2453e-01 1.1099e-01 1.3744e-01 1.1248e-01 1.3483e-01 1.2164e-01 1.3019e-01 1.1907e-01 1.2988e-01
 107.5000 1.1794e-01 1.0520e-01 1.3027e-01 1.0661e-01 1.2772e-01 1.1526e-01 1.2339e-01 1.1279e-01 1.2308e-01
 108.5000 1.1176e-01 9.9734e-02 1.2341e-01 1.0103e-01 1.2103e-01 1.0928e-01 1.1691e-01 1.0691e-01 1.1660e-01
 109.5000 1.0599e-01 9.4456e-02 1.1697e-01 9.5697e-02 1.1474e-01 1.0362e-01 1.1083e-01 1.0135e-01 1.1052e-01
 110.5000 1.0048e-01 8.9619e-02 1.1100e-01 9.0795e-02 1.0877e-01 9.8241e-02 1.0516e-01 9.6099e-02 1.0496e-01
 111.5000 9.5347e-02 8.4977e-02 1.0535e-01 8.6108e-02 1.0321e-01 9.3163e-02 9.9838e-02 9.1176e-02 9.9611e-02
 112.5000 9.0589e-02 8.0660e-02 1.0001e-01 8.1751e-02 9.8087e-02 8.8467e-02 9.4709e-02 8.6592e-02 9.4544e-02
 113.5000 8.6015e-02 7.6622e-02 9.4992e-02 7.7683e-02 9.3143e-02 8.4027e-02 8.9960e-02 8.2163e-02 8.9785e-02
 114.5000 8.1700e-02 7.2768e-02 9.0217e-02 7.3779e-02 8.8467e-02 7.9784e-02 8.5418e-02 7.8043e-02 8.5294e-02
 115.5000 7.7652e-02 6.9178e-02 8.5753e-02 7.0102e-02 8.4079e-02 7.5870e-02 8.1215e-02 7.4242e-02 8.1061e-02
 116.5000 7.3769e-02 6.5721e-02 8.1506e-02 6.6600e-02 7.9877e-02 7.2079e-02 7.7178e-02 7.0524e-02 7.7075e-02
 117.5000 7.0184e-02 6.2496e-02 7.7511e-02 6.3335e-02 7.6004e-02 6.8577e-02 7.3398e-02 6.7084e-02 7.3264e-02
 118.5000 6.6744e-02 5.9445e-02 7.3744e-02 6.0245e-02 7.2275e-02 6.5271e-02 6.9844e-02 6.3767e-02 6.9710e-02
 119.5000 6.3510e-02 5.6567e-02 7.0187e-02 5.7330e-02 6.8773e-02 6.2099e-02 6.6487e-02 6.0677e-02 6.6342e-02
 120.5000 6.0471e-02 5.3839e-02 6.6811e-02 5.4569e-02 6.5477e-02 5.9122e-02 6.3273e-02 5.7762e-02 6.3170e-02
 121.5000 5.7587e-02 5.1265e-02 6.3628e-02 5.1964e-02 6.2356e-02 5.6300e-02 6.0255e-02 5.5002e-02 6.0162e-02
 122.5000 5.4858e-02 4.8837e-02 6.0617e-02 4.9502e-02 5.9400e-02 5.3632e-02 5.7402e-02 5.2396e-02 5.7320e-02
 123.5000 5.2272e-02 4.6533e-02 5.7762e-02 4.7164e-02 5.6599e-02 5.1119e-02 5.4703e-02 4.9924e-02 5.4621e-02
 124.5000 4.9831e-02 4.4361e-02 5.5069e-02 4.4959e-02 5.3951e-02 4.8760e-02 5.2149e-02 4.7586e-02 5.2087e-02
 125.5000 4.7514e-02 4.2295e-02 5.2520e-02 4.2869e-02 5.1449e-02 4.6505e-02 4.9728e-02 4.5361e-02 4.9677e-02
 126.5000 4.5330e-02 4.0341e-02 5.0101e-02 4.0891e-02 4.9079e-02 4.4362e-02 4.7442e-02 4.3270e-02 4.7390e-02
 127.5000 4.3260e-02 3.8485e-02 4.7812e-02 3.9016e-02 4.6834e-02 4.2323e-02 4.5269e-02 4.1282e-02 4.5238e-02
 128.5000 4.1293e-02 3.6734e-02 4.5642e-02 3.7245e-02 4.4712e-02 4.0397e-02 4.3209e-02 3.9398e-02 4.3178e-02
 129.5000 3.9428e-02 3.5068e-02 4.3589e-02 3.5556e-02 4.2694e-02 3.8573e-02 4.1262e-02 3.7616e-02 4.1241e-02
 130.5000 3.7667e-02 3.3489e-02 4.1625e-02 3.3959e-02 4.0778e-02 3.6843e-02 3.9408e-02 3.5926e-02 3.9387e-02
 131.5000 3.5957e-02 3.2008e-02 3.9765e-02 3.2445e-02 3.8934e-02 3.5195e-02 3.7646e-02 3.4320e-02 3.7626e-02
 132.5000 3.4381e-02 3.0574e-02 3.8003e-02 3.1003e-02 3.7224e-02 3.3629e-02 3.5978e-02 3.2795e-02 3.5957e-02
 133.5000 3.2847e-02 2.9230e-02 3.6326e-02 2.9633e-02 3.5566e-02 3.2146e-02 3.4392e-02 3.1343e-02 3.4371e-02
 134.5000 3.1405e-02 2.7921e-02 3.4745e-02 2.8315e-02 3.4011e-02 3.0735e-02 3.2888e-02 2.9942e-02 3.2878e-02
 135.5000 3.0045e-02 2.6705e-02 3.3238e-02 2.7079e-02 3.2538e-02 2.9396e-02 3.1467e-02 2.8655e-02 3.1446e-02
 136.5000 2.8747e-02 2.5543e-02 3.1793e-02 2.5905e-02 3.1127e-02 2.8119e-02 3.0097e-02 2.7408e-02 3.0086e-02
 137.5000 2.7522e-02 2.4455e-02 3.0427e-02 2.4813e-02 2.9798e-02 2.6883e-02 2.8809e-02 2.6234e-02 2.8789e-02
 138.5000 2.6347e-02 2.3396e-02 2.9123e-02 2.3741e-02 2.8521e-02 2.5740e-02 2.7573e-02 2.5101e-02 2.7563e-02
 139.5000 2.5214e-02 2.2406e-02 2.7889e-02 2.2732e-02 2.7305e-02 2.4648e-02 2.6399e-02 2.4030e-02 2.6389e-02
 140.5000 2.4133e-02 2.1450e-02 2.6720e-02 2.1754e-02 2.6141e-02 2.3608e-02 2.5286e-02 2.3010e-02 2.5286e-02
 141.5000 2.3124e-02 2.0542e-02 2.5593e-02 2.0837e-02 2.5039e-02 2.2609e-02 2.4226e-02 2.2042e-02 2.4226e-02
 142.5000 2.2155e-02 1.9677e-02 2.4528e-02 1.9961e-02 2.3999e-02 2.1661e-02 2.3206e-02 2.1115e-02 2.3216e-02
 143.5000 2.1239e-02 1.8853e-02 2.3510e-02 1.9137e-02 2.3000e-02 2.0755e-02 2.2248e-02 2.0219e-02 2.2258e-02
 144.5000 2.0363e-02 1.8070e-02 2.2542e-02 1.8344e-02 2.2052e-02 1.9910e-02 2.1331e-02 1.9374e-02 2.1342e-02
 145.5000 1.9529e-02 1.7328e-02 2.1615e-02 1.7592e-02 2.1146e-02 1.9086e-02 2.0456e-02 1.8581e-02 2.0466e-02
 146.5000 1.8725e-02 1.6619e-02 2.0736e-02 1.6871e-02 2.0281e-02 1.8303e-02 1.9611e-02 1.7819e-02 1.9642e-02
 147.5000 1.7963e-02 1.5938e-02 1.9894e-02 1.6181e-02 1.9457e-02 1.7562e-02 1.8818e-02 1.7088e-02 1.8839e-02
 148.5000 1.7242e-02 1.5284e-02 1.9093e-02 1.5522e-02 1.8674e-02 1.6841e-02 1.8056e-02 1.6398e-02 1.8087e-02
 149.5000 1.6552e-02 1.4673e-02 1.8318e-02 1.4904e-02 1.7922e-02 1.6161e-02 1.7325e-02 1.5738e-02 1.7355e-02
 150.5000 1.5883e-02 1.4084e-02 1.7590e-02 1.4307e-02 1.7201e-02 1.5512e-02 1.6634e-02 1.5100e-02 1.6665e-02
 151.5000 1.5254e-02 1.3517e-02 1.6890e-02 1.3730e-02 1.6521e-02 1.4894e-02 1.5965e-02 1.4502e-02 1.6006e-02
 152.5000 1.4647e-02 1.2981e-02 1.6229e-02 1.3184e-02 1.5862e-02 1.4307e-02 1.5337e-02 1.3926e-02 1.5388e-02
 153.5000 1.4070e-02 1.2469e-02 1.5589e-02 1.2669e-02 1.5234e-02 1.3740e-02 1.4739e-02 1.3369e-02 1.4781e-02
 154.5000 1.3534e-02 1.1981e-02 1.4985e-02 1.2185e-02 1.4657e-02 1.3194e-02 1.4163e-02 1.2844e-02 1.4204e-02
 155.5000 1.2999e-02 1.1513e-02 1.4399e-02 1.1701e-02 1.4080e-02 1.2679e-02 1.3606e-02 1.2350e-02 1.3647e-02
 156.5000 1.2494e-02 1.1064e-02 1.3844e-02 1.1248e-02 1.3534e-02 1.2185e-02 1.3081e-02 1.1866e-02 1.3122e-02
 157.5000 1.2010e-02 1.0636e-02 1.3309e-02 1.0815e-02 1.3009e-02 1.1711e-02 1.2576e-02 1.1402e-02 1.2618e-02
 158.5000 1.1557e-02 1.0221e-02 1.2792e-02 1.0403e-02 1.2514e-02 1.1248e-02 1.2082e-02 1.0959e-02 1.2133e-02
 159.5000 1.1114e-02 9.8252e-03 1.2298e-02 9.9982e-03 1.2030e-02 1.0825e-02 1.1639e-02 1.0537e-02 1.1649e-02
 160.5000 1.0681e-02 9.4547e-03 1.1836e-02 9.6161e-03 1.1577e-02 1.0413e-02 1.1196e-02 1.0135e-02 1.1196e-02
 161.5000 1.0277e-02 9.0919e-03 1.1390e-02 9.2494e-03 1.1134e-02 1.0016e-02 1.0774e-02 9.7479e-03 1.0784e-02
 162.5000 9.8808e-03 8.7448e-03 1.0961e-02 8.8910e-03 1.0702e-02 9.6356e-03 1.0372e-02 9.3802e-03 1.0382e-02
 163.5000 9.5090e-03 8.4143e-03 1.0548e-02 8.5562e-03 1.0300e-02 9.2762e-03 9.9797e-03 9.0228e-03 9.9900e-03
 164.5000 9.1536e-03 8.0990e-03 1.0156e-02 8.2369e-03 9.9148e-03 8.9250e-03 9.6089e-03 8.6850e-03 9.6212e-03
 165.5000 8.8137e-03 7.7970e-03 9.7725e-03 7.9320e-03 9.5460e-03 8.5902e-03 9.2339e-03 8.3595e-03 9.2679e-03
 166.5000 8.4934e-03 7.5026e-03 9.4062e-03 7.6395e-03 9.1958e-03 8.2616e-03 8.8951e-03 8.0474e-03 8.9157e-03
 167.5000 8.1761e-03 7.2192e-03 9.0632e-03 7.3532e-03 8.8559e-03 7.9557e-03 8.5665e-03 7.7405e-03 8.5912e-03
 168.5000 7.8651e-03 6.9546e-03 8.7268e-03 7.0782e-03 8.5202e-03 7.6632e-03 8.2451e-03 7.4541e-03 8.2761e-03
 169.5000 7.5767e-03 6.7013e-03 8.4063e-03 6.8196e-03 8.2070e-03 7.3810e-03 7.9434e-03 7.1832e-03 7.9722e-03
 170.5000 7.3058e-03 6.4528e-03 8.1001e-03 6.5704e-03 7.9073e-03 7.1122e-03 7.6611e-03 6.9195e-03 7.6838e-03
 171.5000 7.0339e-03 6.2165e-03 7.8105e-03 6.3263e-03 7.6189e-03 6.8547e-03 7.3841e-03 6.6662e-03 7.4057e-03
 172.5000 6.7795e-03 5.9885e-03 7.5268e-03 6.0976e-03 7.3439e-03 6.6044e-03 7.1122e-03 6.4190e-03 7.1389e-03
 173.5000 6.5354e-03 5.7712e-03 7.2568e-03 5.8762e-03 7.0782e-03 6.3675e-03 6.8588e-03 6.1872e-03 6.8835e-03
 174.5000 6.2995e-03 5.5646e-03 6.9999e-03 5.6650e-03 6.8258e-03 6.1398e-03 6.6136e-03 5.9647e-03 6.6384e-03
 175.5000 6.0739e-03 5.3659e-03 6.7510e-03 5.4642e-03 6.5807e-03 5.9204e-03 6.3788e-03 5.7484e-03 6.4035e-03
 176.5000 5.8586e-03 5.1724e-03 6.5130e-03 5.2674e-03 6.3479e-03 5.7103e-03 6.1512e-03 5.5435e-03 6.1800e-03
 177.5000 5.6495e-03 4.9873e-03 6.2855e-03 5.0800e-03 6.1234e-03 5.5064e-03 5.9369e-03 5.3436e-03 5.9616e-03
 178.5000 5.4538e-03 4.8100e-03 6.0639e-03 4.9018e-03 5.9091e-03 5.3127e-03 5.7289e-03 5.1541e-03 5.7526e-03
 179.5000 5.2633e-03 4.6414e-03 5.8533e-03 4.7308e-03 5.7021e-03 5.1263e-03 5.5301e-03 4.9728e-03 5.5538e-03
 180.5000 5.0800e-03 4.4794e-03 5.6504e-03 4.5660e-03 5.5043e-03 4.9481e-03 5.3375e-03 4.7988e-03 5.3612e-03
 181.5000 4.9028e-03 4.3236e-03 5.4557e-03 4.4074e-03 5.3127e-03 4.7761e-03 5.1541e-03 4.6309e-03 5.1757e-03
 182.5000 4.7339e-03 4.1726e-03 5.2687e-03 4.2549e-03 5.1294e-03 4.6093e-03 4.9790e-03 4.4692e-03 4.9976e-03
 183.5000 4.5711e-03 4.0274e-03 5.0878e-03 4.1076e-03 4.9533e-03 4.4506e-03 4.8070e-03 4.3136e-03 4.8266e-03
 184.5000 4.4136e-03 3.8892e-03 4.9139e-03 3.9665e-03 4.7823e-03 4.2972e-03 4.6432e-03 4.1653e-03 4.6618e-03
 185.5000 4.2621e-03 3.7544e-03 4.7460e-03 3.8295e-03 4.6185e-03 4.1499e-03 4.4846e-03 4.0211e-03 4.5021e-03
 186.5000 4.1169e-03 3.6255e-03 4.5850e-03 3.6998e-03 4.4620e-03 4.0036e-03 4.3311e-03 3.8831e-03 4.3497e-03
 187.5000 3.9768e-03 3.5014e-03 4.4302e-03 3.5731e-03 4.3105e-03 3.8687e-03 4.1849e-03 3.7502e-03 4.2024e-03
 188.5000 3.8429e-03 3.3825e-03 4.2803e-03 3.4526e-03 4.1643e-03 3.7379e-03 4.0438e-03 3.6225e-03 4.0613e-03
 189.5000 3.7132e-03 3.2680e-03 4.1370e-03 3.3362e-03 4.0242e-03 3.6101e-03 3.9089e-03 3.4999e-03 3.9243e-03
 190.5000 3.5885e-03 3.1575e-03 3.9984e-03 3.2239e-03 3.8893e-03 3.4886e-03 3.7780e-03 3.3815e-03 3.7925e-03
 191.5000 3.4680e-03 3.0518e-03 3.8638e-03 3.1158e-03 3.7585e-03 3.3722e-03 3.6524e-03 3.2682e-03 3.6637e-03
 192.5000 3.3516e-03 2.9492e-03 3.7362e-03 3.0107e-03 3.6328e-03 3.2610e-03 3.5308e-03 3.1580e-03 3.5432e-03
 193.5000 3.2373e-03 2.8525e-03 3.6126e-03 2.9108e-03 3.5092e-03 3.1508e-03 3.4134e-03 3.0529e-03 3.4268e-03
 194.5000 3.1312e-03 2.7551e-03 3.4913e-03 2.8129e-03 3.3918e-03 3.0457e-03 3.3001e-03 2.9499e-03 3.3135e-03
 195.5000 3.0272e-03 2.6626e-03 3.3788e-03 2.7182e-03 3.2816e-03 2.9448e-03 3.1920e-03 2.8521e-03 3.2054e-03
 196.5000 2.9262e-03 2.5760e-03 3.2684e-03 2.6296e-03 3.1724e-03 2.8480e-03 3.0879e-03 2.7573e-03 3.1003e-03
 197.5000 2.8335e-03 2.4907e-03 3.1611e-03 2.5441e-03 3.0715e-03 2.7542e-03 2.9870e-03 2.6677e-03 2.9983e-03
 198.5000 2.7408e-03 2.4096e-03 3.0587e-03 2.4617e-03 2.9715e-03 2.6636e-03 2.8902e-03 2.5801e-03 2.9005e-03
 199.5000 2.6523e-03 2.3292e-03 2.9597e-03 2.3814e-03 2.8747e-03 2.5760e-03 2.7954e-03 2.4936e-03 2.8088e-03
 200.5000 2.5657e-03 2.2527e-03 2.8639e-03 2.3041e-03 2.7810e-03 2.4905e-03 2.7048e-03 2.4112e-03 2.7182e-03
 201.5000 2.4833e-03 2.1797e-03 2.7718e-03 2.2300e-03 2.6914e-03 2.4102e-03 2.6183e-03 2.3329e-03 2.6306e-03
 202.5000 2.4020e-03 2.1096e-03 2.6826e-03 2.1568e-03 2.6049e-03 2.3319e-03 2.5348e-03 2.2588e-03 2.5431e-03
 203.5000 2.3247e-03 2.0406e-03 2.5954e-03 2.0868e-03 2.5194e-03 2.2578e-03 2.4524e-03 2.1846e-03 2.4627e-03
 204.5000 2.2495e-03 1.9743e-03 2.5129e-03 2.0198e-03 2.4390e-03 2.1846e-03 2.3742e-03 2.1125e-03 2.3834e-03
 205.5000 2.1764e-03 1.9109e-03 2.4314e-03 1.9529e-03 2.3577e-03 2.1156e-03 2.2979e-03 2.0466e-03 2.3082e-03
 206.5000 2.1063e-03 1.8499e-03 2.3553e-03 1.8921e-03 2.2835e-03 2.0466e-03 2.2248e-03 1.9786e-03 2.2351e-03
 207.5000 2.0394e-03 1.7899e-03 2.2811e-03 1.8313e-03 2.2114e-03 1.9807e-03 2.1548e-03 1.9148e-03 2.1640e-03
 208.5000 1.9745e-03 1.7327e-03 2.2100e-03 1.7726e-03 2.1414e-03 1.9179e-03 2.0868e-03 1.8540e-03 2.0971e-03
 209.5000 1.9127e-03 1.6759e-03 2.1405e-03 1.7160e-03 2.0744e-03 1.8550e-03 2.0209e-03 1.7943e-03 2.0312e-03
 210.5000 1.8519e-03 1.6232e-03 2.0735e-03 1.6624e-03 2.0085e-03 1.7963e-03 1.9580e-03 1.7366e-03 1.9673e-03
 211.5000 1.7943e-03 1.5724e-03 2.0075e-03 1.6099e-03 1.9457e-03 1.7407e-03 1.8952e-03 1.6830e-03 1.9055e-03
 212.5000 1.7376e-03 1.5229e-03 1.9460e-03 1.5594e-03 1.8849e-03 1.6861e-03 1.8355e-03 1.6295e-03 1.8478e-03
 213.5000 1.6830e-03 1.4744e-03 1.8859e-03 1.5100e-03 1.8262e-03 1.6325e-03 1.7788e-03 1.5780e-03 1.7901e-03
 214.5000 1.6315e-03 1.4282e-03 1.8248e-03 1.4636e-03 1.7685e-03 1.5811e-03 1.7242e-03 1.5285e-03 1.7314e-03
 215.5000 1.5811e-03 1.3840e-03 1.7699e-03 1.4183e-03 1.7139e-03 1.5326e-03 1.6707e-03 1.4811e-03 1.6810e-03
 216.5000 1.5316e-03 1.3407e-03 1.7162e-03 1.3740e-03 1.6614e-03 1.4842e-03 1.6192e-03 1.4348e-03 1.6295e-03
 217.5000 1.4842e-03 1.2996e-03 1.6638e-03 1.3318e-03 1.6099e-03 1.4389e-03 1.5708e-03 1.3905e-03 1.5790e-03
 218.5000 1.4389e-03 1.2585e-03 1.6131e-03 1.2906e-03 1.5605e-03 1.3946e-03 1.5223e-03 1.3462e-03 1.5316e-03
 219.5000 1.3946e-03 1.2203e-03 1.5640e-03 1.2515e-03 1.5131e-03 1.3514e-03 1.4760e-03 1.3050e-03 1.4842e-03
 220.5000 1.3524e-03 1.1819e-03 1.5157e-03 1.2123e-03 1.4667e-03 1.3102e-03 1.4317e-03 1.2648e-03 1.4379e-03
 221.5000 1.3102e-03 1.1463e-03 1.4709e-03 1.1752e-03 1.4214e-03 1.2690e-03 1.3874e-03 1.2267e-03 1.3967e-03
 222.5000 1.2731e-03 1.1084e-03 1.4257e-03 1.1392e-03 1.3802e-03 1.2298e-03 1.3452e-03 1.1876e-03 1.3545e-03
 223.5000 1.2339e-03 1.0765e-03 1.3823e-03 1.1062e-03 1.3380e-03 1.1927e-03 1.3050e-03 1.1515e-03 1.3122e-03
 224.5000 1.1948e-03 1.0425e-03 1.3405e-03 1.0702e-03 1.2957e-03 1.1557e-03 1.2648e-03 1.1165e-03 1.2731e-03
 225.5000 1.1598e-03 1.0114e-03 1.3012e-03 1.0393e-03 1.2576e-03 1.1206e-03 1.2278e-03 1.0825e-03 1.2360e-03
 226.5000 1.1227e-03 9.8046e-04 1.2622e-03 1.0071e-03 1.2185e-03 1.0856e-03 1.1907e-03 1.0485e-03 1.1979e-03
 227.5000 1.0918e-03 9.4983e-04 1.2242e-03 9.7778e-04 1.1835e-03 1.0527e-03 1.1557e-03 1.0168e-03 1.1629e-03
 228.5000 1.0578e-03 9.2237e-04 1.1870e-03 9.4853e-04 1.1464e-03 1.0221e-03 1.1206e-03 9.8622e-04 1.1279e-03
 229.5000 1.0252e-03 8.9498e-04 1.1526e-03 9.1927e-04 1.1124e-03 9.9096e-04 1.0877e-03 9.5759e-04 1.0939e-03
 230.5000 9.9457e-04 8.6776e-04 1.1190e-03 8.9188e-04 1.0794e-03 9.6089e-04 1.0568e-03 9.2824e-04 1.0609e-03
 231.5000 9.6573e-04 8.4176e-04 1.0857e-03 8.6582e-04 1.0475e-03 9.3225e-04 1.0255e-03 9.0043e-04 1.0300e-03
 232.5000 9.3699e-04 8.1613e-04 1.0539e-03 8.3976e-04 1.0163e-03 9.0362e-04 9.9601e-04 8.7344e-04 9.9931e-04
 233.5000 9.0836e-04 7.9276e-04 1.0228e-03 8.1525e-04 9.8550e-04 8.7674e-04 9.6655e-04 8.4759e-04 9.6964e-04
 234.5000 8.8209e-04 7.6850e-04 9.9263e-04 7.9073e-04 9.5666e-04 8.5068e-04 9.3833e-04 8.2235e-04 9.4121e-04
 235.5000 8.5552e-04 7.4556e-04 9.6340e-04 7.6725e-04 9.2782e-04 8.2513e-04 9.1093e-04 7.9743e-04 9.1330e-04
 236.5000 8.3070e-04 7.2319e-04 9.3534e-04 7.4459e-04 9.0125e-04 8.0052e-04 8.8446e-04 7.7384e-04 8.8621e-04
 237.5000 8.0577e-04 7.0214e-04 9.0789e-04 7.2255e-04 8.7406e-04 7.7672e-04 8.5768e-04 7.5128e-04 8.6118e-04
 238.5000 7.8208e-04 6.8095e-04 8.8111e-04 7.0122e-04 8.4851e-04 7.5324e-04 8.3255e-04 7.2862e-04 8.3543e-04
 239.5000 7.5932e-04 6.6064e-04 8.5511e-04 6.8062e-04 8.2379e-04 7.3109e-04 8.0752e-04 7.0689e-04 8.1123e-04
 240.5000 7.3727e-04 6.4120e-04 8.3090e-04 6.6095e-04 7.9990e-04 7.0946e-04 7.8465e-04 6.8598e-04 7.8826e-04
 241.5000 7.1575e-04 6.2232e-04 8.0713e-04 6.4148e-04 7.7672e-04 6.8855e-04 7.6220e-04 6.6600e-04 7.6550e-04
 242.5000 6.9504e-04 6.0403e-04 7.8383e-04 6.2294e-04 7.5417e-04 6.6837e-04 7.4026e-04 6.4632e-04 7.4345e-04
 243.5000 6.7455e-04 5.8643e-04 7.6121e-04 6.0461e-04 7.3202e-04 6.4890e-04 7.1884e-04 6.2748e-04 7.2193e-04
 244.5000 6.5487e-04 5.6934e-04 7.3928e-04 5.8700e-04 7.1070e-04 6.2964e-04 6.9844e-04 6.0935e-04 7.0081e-04
 245.5000 6.3602e-04 5.5268e-04 7.1832e-04 5.7011e-04 6.9031e-04 6.1130e-04 6.7867e-04 5.9143e-04 6.8083e-04
 246.5000 6.1779e-04 5.3612e-04 6.9762e-04 5.5342e-04 6.7032e-04 5.9328e-04 6.5930e-04 5.7392e-04 6.6126e-04
 247.5000 5.9977e-04 5.2063e-04 6.7772e-04 5.3745e-04 6.5096e-04 5.7587e-04 6.4056e-04 5.5723e-04 6.4210e-04
 248.5000 5.8236e-04 5.0547e-04 6.5815e-04 5.2190e-04 6.3211e-04 5.5908e-04 6.2222e-04 5.4096e-04 6.2336e-04
 249.5000 5.6516e-04 4.9129e-04 6.3922e-04 5.0697e-04 6.1336e-04 5.4322e-04 6.0451e-04 5.2530e-04 6.0533e-04
 250.5000 5.4930e-04 4.7671e-04 6.2089e-04 4.9234e-04 5.9616e-04 5.2746e-04 5.8710e-04 5.0995e-04 5.8803e-04
 251.5000 5.3313e-04 4.6282e-04 6.0290e-04 4.7792e-04 5.7855e-04 5.1191e-04 5.7000e-04 4.9512e-04 5.7113e-04
 252.5000 5.1778e-04 4.4929e-04 5.8611e-04 4.6402e-04 5.6176e-04 4.9697e-04 5.5435e-04 4.8080e-04 5.5517e-04
 253.5000 5.0295e-04 4.3622e-04 5.6933e-04 4.5073e-04 5.4590e-04 4.8266e-04 5.3859e-04 4.6669e-04 5.3890e-04
 254.5000 4.8853e-04 4.2362e-04 5.5316e-04 4.3775e-04 5.3014e-04 4.6886e-04 5.2303e-04 4.5320e-04 5.2396e-04
 255.5000 4.7452e-04 4.1137e-04 5.3725e-04 4.2508e-04 5.1500e-04 4.5536e-04 5.0820e-04 4.4022e-04 5.0861e-04
 256.5000 4.6144e-04 3.9965e-04 5.2212e-04 4.1334e-04 5.0089e-04 4.4239e-04 4.9378e-04 4.2766e-04 4.9430e-04
 257.5000 4.4826e-04 3.8797e-04 5.0708e-04 4.0149e-04 4.8595e-04 4.2889e-04 4.7988e-04 4.1550e-04 4.8049e-04
 258.5000 4.3507e-04 3.7700e-04 4.9295e-04 3.8996e-04 4.7226e-04 4.1653e-04 4.6628e-04 4.0355e-04 4.6659e-04
 259.5000 4.2261e-04 3.6606e-04 4.7910e-04 3.7863e-04 4.5876e-04 4.0469e-04 4.5320e-04 3.9191e-04 4.5341e-04
 260.5000 4.1159e-04 3.5564e-04 4.6635e-04 3.6853e-04 4.4661e-04 3.9294e-04 4.4166e-04 3.8110e-04 4.4105e-04
 261.5000 3.9964e-04 3.4528e-04 4.5314e-04 3.5792e-04 4.3373e-04 3.8151e-04 4.2920e-04 3.6987e-04 4.2838e-04
 262.5000 3.8779e-04 3.3529e-04 4.4059e-04 3.4732e-04 4.2096e-04 3.7070e-04 4.1725e-04 3.5906e-04 4.1643e-04
 263.5000 3.7688e-04 3.2566e-04 4.2791e-04 3.3753e-04 4.0912e-04 3.6019e-04 4.0541e-04 3.4865e-04 4.0428e-04
 264.5000 3.6617e-04 3.1634e-04 4.1582e-04 3.2805e-04 3.9758e-04 3.4979e-04 3.9356e-04 3.3856e-04 3.9315e-04
 265.5000 3.5597e-04 3.0749e-04 4.0465e-04 3.1878e-04 3.8646e-04 3.3980e-04 3.8337e-04 3.2939e-04 3.8223e-04
 266.5000 3.4567e-04 2.9851e-04 3.9298e-04 3.0962e-04 3.7533e-04 3.3001e-04 3.7204e-04 3.1961e-04 3.7142e-04
 267.5000 3.3578e-04 2.8997e-04 3.8189e-04 3.0055e-04 3.6462e-04 3.2074e-04 3.6153e-04 3.1065e-04 3.6091e-04
 268.5000 3.2620e-04 2.8166e-04 3.7134e-04 2.9201e-04 3.5411e-04 3.1157e-04 3.5164e-04 3.0169e-04 3.5092e-04
 269.5000 3.1714e-04 2.7374e-04 3.6080e-04 2.8397e-04 3.4423e-04 3.0292e-04 3.4186e-04 2.9304e-04 3.4083e-04
 270.5000 3.0818e-04 2.6578e-04 3.5087e-04 2.7594e-04 3.3454e-04 2.9396e-04 3.3228e-04 2.8459e-04 3.3156e-04
 271.5000 2.9983e-04 2.5840e-04 3.4112e-04 2.6842e-04 3.2569e-04 2.8562e-04 3.2301e-04 2.7686e-04 3.2218e-04
 272.5000 2.9128e-04 2.5128e-04 3.3185e-04 2.6090e-04 3.1642e-04 2.7779e-04 3.1436e-04 2.6904e-04 3.1322e-04
 273.5000 2.8304e-04 2.4392e-04 3.2236e-04 2.5338e-04 3.0735e-04 2.6986e-04 3.0560e-04 2.6121e-04 3.0416e-04
 274.5000 2.7522e-04 2.3715e-04 3.1351e-04 2.4648e-04 2.9880e-04 2.6224e-04 2.9716e-04 2.5390e-04 2.9592e-04
 275.5000 2.6718e-04 2.3048e-04 3.0491e-04 2.3917e-04 2.8995e-04 2.5493e-04 2.8902e-04 2.4689e-04 2.8788e-04
 276.5000 2.5977e-04 2.2392e-04 2.9672e-04 2.3257e-04 2.8212e-04 2.4751e-04 2.8109e-04 2.3989e-04 2.8006e-04
 277.5000 2.5256e-04 2.1754e-04 2.8862e-04 2.2609e-04 2.7429e-04 2.4061e-04 2.7336e-04 2.3299e-04 2.7244e-04
 278.5000 2.4566e-04 2.1133e-04 2.8060e-04 2.1991e-04 2.6677e-04 2.3381e-04 2.6605e-04 2.2629e-04 2.6461e-04
 279.5000 2.3886e-04 2.0557e-04 2.7289e-04 2.1393e-04 2.5925e-04 2.2722e-04 2.5863e-04 2.2011e-04 2.5760e-04
 280.5000 2.3226e-04 1.9970e-04 2.6542e-04 2.0785e-04 2.5214e-04 2.2094e-04 2.5173e-04 2.1393e-04 2.5029e-04
 281.5000 2.2567e-04 1.9407e-04 2.5810e-04 2.0198e-04 2.4504e-04 2.1455e-04 2.4462e-04 2.0796e-04 2.4349e-04
 282.5000 2.1929e-04 1.8861e-04 2.5089e-04 1.9632e-04 2.3814e-04 2.0827e-04 2.3793e-04 2.0219e-04 2.3649e-04
 283.5000 2.1321e-04 1.8335e-04 2.4398e-04 1.9096e-04 2.3154e-04 2.0250e-04 2.3144e-04 1.9642e-04 2.2990e-04
 284.5000 2.0703e-04 1.7811e-04 2.3715e-04 1.8530e-04 2.2485e-04 1.9673e-04 2.2495e-04 1.9096e-04 2.2341e-04
 285.5000 2.0147e-04 1.7297e-04 2.3081e-04 1.8025e-04 2.1877e-04 1.9127e-04 2.1898e-04 1.8540e-04 2.1743e-04
 286.5000 1.9570e-04 1.6814e-04 2.2456e-04 1.7520e-04 2.1269e-04 1.8550e-04 2.1290e-04 1.8035e-04 2.1146e-04
 287.5000 1.9065e-04 1.6357e-04 2.1850e-04 1.7067e-04 2.0703e-04 1.8056e-04 2.0724e-04 1.7541e-04 2.0590e-04
 288.5000 1.8550e-04 1.5888e-04 2.1225e-04 1.6593e-04 2.0126e-04 1.7551e-04 2.0178e-04 1.7047e-04 1.9972e-04
 289.5000 1.7994e-04 1.5441e-04 2.0662e-04 1.6099e-04 1.9549e-04 1.7057e-04 1.9622e-04 1.6562e-04 1.9426e-04
 290.5000 1.7500e-04 1.5013e-04 2.0119e-04 1.5666e-04 1.9004e-04 1.6573e-04 1.9096e-04 1.6099e-04 1.8931e-04
 291.5000 1.7026e-04 1.4591e-04 1.9563e-04 1.5234e-04 1.8499e-04 1.6109e-04 1.8581e-04 1.5656e-04 1.8386e-04
 292.5000 1.6552e-04 1.4182e-04 1.9030e-04 1.4811e-04 1.7984e-04 1.5646e-04 1.8076e-04 1.5223e-04 1.7881e-04
 293.5000 1.6099e-04 1.3779e-04 1.8492e-04 1.4399e-04 1.7479e-04 1.5213e-04 1.7562e-04 1.4791e-04 1.7397e-04
 294.5000 1.5656e-04 1.3400e-04 1.8001e-04 1.4008e-04 1.6995e-04 1.4781e-04 1.7088e-04 1.4389e-04 1.6944e-04
 295.5000 1.5223e-04 1.3023e-04 1.7510e-04 1.3617e-04 1.6531e-04 1.4369e-04 1.6624e-04 1.3987e-04 1.6470e-04
 296.5000 1.4801e-04 1.2664e-04 1.7017e-04 1.3246e-04 1.6058e-04 1.3967e-04 1.6181e-04 1.3596e-04 1.5996e-04
 297.5000 1.4389e-04 1.2307e-04 1.6552e-04 1.2875e-04 1.5625e-04 1.3575e-04 1.5738e-04 1.3215e-04 1.5543e-04
 298.5000 1.3987e-04 1.1949e-04 1.6121e-04 1.2515e-04 1.5203e-04 1.3194e-04 1.5326e-04 1.2824e-04 1.5120e-04
 299.5000 1.3596e-04 1.1617e-04 1.5682e-04 1.2164e-04 1.4781e-04 1.2803e-04 1.4904e-04 1.2484e-04 1.4708e-04
