# FONLL heavy quark hadroproduction cross section, calculated on Tue Feb 21 21:27:56 CET 2023
# FONLL version and perturbative order: ## FONLL v1.4.0 fonll [ds/dpt^2dy (pb/GeV^2)]
# quark = bottom
# final state = psi(2S) from a single B. NP params (cm,lm,hm) = 24.2, 26.7, 22.2
# BR(q->meson) = 1
# BR(B->psi(2S)) = 0.00307
# ebeam1 = 6800, ebeam2 = 6800
# PDF set = NNPDF30_nlo_as_0118
# ptmin = 0
# ptmax = 50
# etamin = -1
# etamax = 1
# Uncertainties from scales, masses, PDFs combined quadratically
# cross section is ds/dpt (pb/GeV)
# pt      central      min       max       min_sc     max_sc     min_mass   max_mass     min_pdf    max_pdf
0.0000 0.0000e+00 0.0000e+00 0.0000e+00 0.0000e+00 0.0000e+00 0.0000e+00 0.0000e+00 0.0000e+00 0.0000e+00
0.2500 1.1718e+03 5.2458e+02 1.7888e+03 5.5997e+02 1.7312e+03 9.7043e+02 1.4245e+03 1.1086e+03 1.2348e+03
0.5000 4.5037e+03 2.0338e+03 6.8448e+03 2.1687e+03 6.6251e+03 3.7362e+03 5.4646e+03 4.2612e+03 4.7431e+03
0.7500 9.4894e+03 4.3458e+03 1.4343e+04 4.6265e+03 1.3886e+04 7.8899e+03 1.1485e+04 8.9890e+03 9.9867e+03
1.0000 1.5445e+04 7.1974e+03 2.3183e+04 7.6443e+03 2.2454e+04 1.2888e+04 1.8626e+04 1.4650e+04 1.6240e+04
1.2500 2.1690e+04 1.0316e+04 3.2311e+04 1.0929e+04 3.1314e+04 1.8168e+04 2.6049e+04 2.0603e+04 2.2776e+04
1.5000 2.7636e+04 1.3431e+04 4.0915e+04 1.4193e+04 3.9695e+04 2.3249e+04 3.3033e+04 2.6294e+04 2.8975e+04
1.7500 3.2849e+04 1.6311e+04 4.8346e+04 1.7192e+04 4.6971e+04 2.7750e+04 3.9050e+04 3.1314e+04 3.4353e+04
2.0000 3.7055e+04 1.8829e+04 5.4323e+04 1.9786e+04 5.2835e+04 3.1468e+04 4.3870e+04 3.5397e+04 3.8713e+04
2.2500 4.0186e+04 2.0872e+04 5.8733e+04 2.1874e+04 5.7225e+04 3.4292e+04 4.7309e+04 3.8467e+04 4.1906e+04
2.5000 4.2212e+04 2.2419e+04 6.1601e+04 2.3424e+04 6.0111e+04 3.6226e+04 4.9458e+04 4.0493e+04 4.3962e+04
2.7500 4.3256e+04 2.3442e+04 6.2992e+04 2.4443e+04 6.1584e+04 3.7270e+04 5.0379e+04 4.1568e+04 4.4945e+04
3.0000 4.3379e+04 2.4010e+04 6.3119e+04 2.4968e+04 6.1799e+04 3.7577e+04 5.0287e+04 4.1783e+04 4.5006e+04
3.2500 4.2796e+04 2.4144e+04 6.2198e+04 2.5057e+04 6.1001e+04 3.7239e+04 4.9335e+04 4.1261e+04 4.4300e+04
3.5000 4.1598e+04 2.3945e+04 6.0418e+04 2.4784e+04 5.9343e+04 3.6410e+04 4.7708e+04 4.0186e+04 4.3011e+04
3.7500 4.0002e+04 2.3438e+04 5.8018e+04 2.4219e+04 5.7071e+04 3.5152e+04 4.5620e+04 3.8682e+04 4.1292e+04
4.0000 3.8068e+04 2.2722e+04 5.5179e+04 2.3430e+04 5.4339e+04 3.3616e+04 4.3226e+04 3.6871e+04 3.9265e+04
4.2500 3.5950e+04 2.1844e+04 5.2040e+04 2.2482e+04 5.1300e+04 3.1897e+04 4.0647e+04 3.4875e+04 3.7055e+04
4.5000 3.3770e+04 2.0843e+04 4.8773e+04 2.1419e+04 4.8138e+04 3.0083e+04 3.7976e+04 3.2788e+04 3.4752e+04
4.7500 3.1529e+04 1.9784e+04 4.5473e+04 2.0296e+04 4.4914e+04 2.8216e+04 3.5336e+04 3.0648e+04 3.2419e+04
5.0000 2.9340e+04 1.8685e+04 4.2201e+04 1.9144e+04 4.1721e+04 2.6350e+04 3.2726e+04 2.8536e+04 3.0144e+04
5.2500 2.7206e+04 1.7584e+04 3.9070e+04 1.7993e+04 3.8651e+04 2.4526e+04 3.0243e+04 2.6482e+04 2.7934e+04
5.5000 2.5168e+04 1.6493e+04 3.6036e+04 1.6857e+04 3.5673e+04 2.2767e+04 2.7872e+04 2.4514e+04 2.5825e+04
5.7500 2.3240e+04 1.5432e+04 3.3194e+04 1.5758e+04 3.2880e+04 2.1088e+04 2.5650e+04 2.2647e+04 2.3829e+04
6.0000 2.1426e+04 1.4410e+04 3.0510e+04 1.4699e+04 3.0236e+04 1.9504e+04 2.3574e+04 2.0894e+04 2.1960e+04
6.2500 1.9737e+04 1.3431e+04 2.8022e+04 1.3689e+04 2.7784e+04 1.8018e+04 2.1650e+04 1.9255e+04 2.0219e+04
6.5000 1.8168e+04 1.2502e+04 2.5720e+04 1.2731e+04 2.5512e+04 1.6633e+04 1.9875e+04 1.7732e+04 1.8604e+04
6.7500 1.6719e+04 1.1624e+04 2.3594e+04 1.1829e+04 2.3412e+04 1.5344e+04 1.8239e+04 1.6326e+04 1.7115e+04
7.0000 1.5384e+04 1.0802e+04 2.1640e+04 1.0984e+04 2.1481e+04 1.4153e+04 1.6741e+04 1.5028e+04 1.5743e+04
7.2500 1.4159e+04 1.0031e+04 1.9852e+04 1.0196e+04 1.9712e+04 1.3054e+04 1.5368e+04 1.3833e+04 1.4481e+04
7.5000 1.3032e+04 9.3119e+03 1.8214e+04 9.4587e+03 1.8092e+04 1.2040e+04 1.4116e+04 1.2737e+04 1.3324e+04
7.7500 1.1998e+04 8.6465e+03 1.6718e+04 8.7771e+03 1.6609e+04 1.1110e+04 1.2971e+04 1.1730e+04 1.2268e+04
8.0000 1.1055e+04 8.0235e+03 1.5351e+04 8.1416e+03 1.5255e+04 1.0254e+04 1.1924e+04 1.0810e+04 1.1298e+04
8.2500 1.0189e+04 7.4499e+03 1.4102e+04 7.5553e+03 1.4018e+04 9.4710e+03 1.0969e+04 9.9652e+03 1.0410e+04
8.5000 9.3973e+03 6.9202e+03 1.2967e+04 7.0149e+03 1.2891e+04 8.7495e+03 1.0100e+04 9.1946e+03 9.5999e+03
8.7500 8.6728e+03 6.4295e+03 1.1927e+04 6.5145e+03 1.1859e+04 8.0894e+03 9.3052e+03 8.4885e+03 8.8600e+03
9.0000 8.0096e+03 5.9740e+03 1.0980e+04 6.0510e+03 1.0920e+04 7.4816e+03 8.5806e+03 7.8408e+03 8.1816e+03
9.2500 7.4048e+03 5.5543e+03 1.0118e+04 5.6242e+03 1.0064e+04 6.9259e+03 7.9206e+03 7.2483e+03 7.5614e+03
9.5000 6.8492e+03 5.1682e+03 9.3322e+03 5.2313e+03 9.2837e+03 6.4163e+03 7.3158e+03 6.7049e+03 6.9935e+03
9.7500 6.3426e+03 4.8118e+03 8.6116e+03 4.8690e+03 8.5684e+03 5.9497e+03 6.7632e+03 6.2106e+03 6.4746e+03
10.0000 5.8760e+03 4.4825e+03 7.9532e+03 4.5344e+03 7.9145e+03 5.5199e+03 6.2567e+03 5.7532e+03 5.9957e+03
10.2500 5.4492e+03 4.1797e+03 7.3534e+03 4.2274e+03 7.3189e+03 5.1238e+03 5.7931e+03 5.3357e+03 5.5598e+03
10.5000 5.0563e+03 3.8929e+03 6.8039e+03 3.9357e+03 6.7724e+03 4.7616e+03 5.3694e+03 4.9519e+03 5.1607e+03
10.7500 4.6971e+03 3.6236e+03 6.3005e+03 3.6625e+03 6.2720e+03 4.4269e+03 4.9826e+03 4.6019e+03 4.7923e+03
11.0000 4.3655e+03 3.3757e+03 5.8406e+03 3.4108e+03 5.8146e+03 4.1199e+03 4.6265e+03 4.2765e+03 4.4546e+03
11.2500 4.0616e+03 3.1487e+03 5.4173e+03 3.1805e+03 5.3940e+03 3.8375e+03 4.2980e+03 3.9787e+03 4.1445e+03
11.5000 3.7822e+03 2.9372e+03 5.0281e+03 2.9662e+03 5.0072e+03 3.5766e+03 3.9971e+03 3.7055e+03 3.8559e+03
11.7500 3.5244e+03 2.7434e+03 4.6732e+03 2.7694e+03 4.6541e+03 3.3371e+03 3.7208e+03 3.4538e+03 3.5950e+03
12.0000 3.2849e+03 2.5639e+03 4.3464e+03 2.5877e+03 4.3287e+03 3.1130e+03 3.4660e+03 3.2204e+03 3.3524e+03
12.2500 3.0666e+03 2.3981e+03 4.0440e+03 2.4198e+03 4.0278e+03 2.9094e+03 3.2327e+03 3.0055e+03 3.1283e+03
12.5000 2.8640e+03 2.2445e+03 3.7662e+03 2.2641e+03 3.7515e+03 2.7200e+03 3.0157e+03 2.8072e+03 2.9208e+03
12.7500 2.6770e+03 2.1025e+03 3.5101e+03 2.1204e+03 3.4967e+03 2.5447e+03 2.8161e+03 2.6242e+03 2.7302e+03
13.0000 2.5042e+03 1.9704e+03 3.2756e+03 1.9869e+03 3.2634e+03 2.3823e+03 2.6316e+03 2.4548e+03 2.5536e+03
13.2500 2.3439e+03 1.8482e+03 3.0588e+03 1.8632e+03 3.0476e+03 2.2319e+03 2.4612e+03 2.2979e+03 2.3903e+03
13.5000 2.1957e+03 1.7349e+03 2.8580e+03 1.7487e+03 2.8477e+03 2.0925e+03 2.3037e+03 2.1527e+03 2.2389e+03
13.7500 2.0584e+03 1.6295e+03 2.6723e+03 1.6421e+03 2.6629e+03 1.9633e+03 2.1576e+03 2.0179e+03 2.0987e+03
14.0000 1.9310e+03 1.5313e+03 2.5005e+03 1.5430e+03 2.4919e+03 1.8429e+03 2.0222e+03 1.8930e+03 1.9688e+03
14.2500 1.8125e+03 1.4402e+03 2.3418e+03 1.4509e+03 2.3338e+03 1.7315e+03 1.8970e+03 1.7772e+03 1.8478e+03
14.5000 1.7026e+03 1.3554e+03 2.1944e+03 1.3652e+03 2.1871e+03 1.6277e+03 1.7803e+03 1.6695e+03 1.7358e+03
14.7500 1.6004e+03 1.2763e+03 2.0578e+03 1.2854e+03 2.0511e+03 1.5310e+03 1.6722e+03 1.5691e+03 1.6314e+03
15.0000 1.5052e+03 1.2025e+03 1.9311e+03 1.2108e+03 1.9249e+03 1.4411e+03 1.5715e+03 1.4761e+03 1.5344e+03
15.2500 1.4168e+03 1.1337e+03 1.8134e+03 1.1414e+03 1.8076e+03 1.3572e+03 1.4782e+03 1.3892e+03 1.4441e+03
15.5000 1.3342e+03 1.0695e+03 1.7039e+03 1.0767e+03 1.6986e+03 1.2790e+03 1.3910e+03 1.3081e+03 1.3600e+03
15.7500 1.2572e+03 1.0097e+03 1.6023e+03 1.0162e+03 1.5973e+03 1.2062e+03 1.3100e+03 1.2329e+03 1.2817e+03
16.0000 1.1853e+03 9.5367e+02 1.5074e+03 9.5968e+02 1.5028e+03 1.1380e+03 1.2345e+03 1.1626e+03 1.2083e+03
16.2500 1.1184e+03 9.0101e+02 1.4192e+03 9.0657e+02 1.4150e+03 1.0745e+03 1.1638e+03 1.0969e+03 1.1402e+03
16.5000 1.0558e+03 8.5198e+02 1.3369e+03 8.5714e+02 1.3330e+03 1.0149e+03 1.0978e+03 1.0355e+03 1.0763e+03
16.7500 9.9744e+02 8.0590e+02 1.2602e+03 8.1079e+02 1.2565e+03 9.5907e+02 1.0364e+03 9.7810e+02 1.0165e+03
17.0000 9.4249e+02 7.6300e+02 1.1888e+03 7.6750e+02 1.1853e+03 9.0688e+02 9.7902e+02 9.2438e+02 9.6091e+02
17.2500 8.9122e+02 7.2248e+02 1.1218e+03 7.2667e+02 1.1187e+03 8.5807e+02 9.2499e+02 8.7403e+02 9.0841e+02
17.5000 8.4333e+02 6.8466e+02 1.0593e+03 6.8860e+02 1.0564e+03 8.1232e+02 8.7464e+02 8.2675e+02 8.5960e+02
17.7500 7.9820e+02 6.4906e+02 1.0008e+03 6.5268e+02 9.9806e+02 7.6934e+02 8.2767e+02 7.8285e+02 8.1355e+02
18.0000 7.5583e+02 6.1559e+02 9.4596e+02 6.1891e+02 9.4341e+02 7.2912e+02 7.8316e+02 7.4140e+02 7.7057e+02
18.2500 7.1623e+02 5.8419e+02 8.9482e+02 5.8729e+02 8.9245e+02 6.9136e+02 7.4171e+02 7.0242e+02 7.3005e+02
18.5000 6.7908e+02 5.5459e+02 8.4680e+02 5.5751e+02 8.4456e+02 6.5575e+02 7.0303e+02 6.6588e+02 6.9228e+02
18.7500 6.4409e+02 5.2687e+02 8.0184e+02 5.2958e+02 7.9974e+02 6.2229e+02 6.6650e+02 6.3181e+02 6.5667e+02
19.0000 6.1124e+02 5.0067e+02 7.5964e+02 5.0317e+02 7.5768e+02 5.9098e+02 6.3211e+02 5.9957e+02 6.2321e+02
19.2500 5.8054e+02 4.7587e+02 7.1987e+02 4.7831e+02 7.1807e+02 5.6120e+02 5.9988e+02 5.6918e+02 5.9159e+02
19.5000 5.5137e+02 4.5240e+02 6.8263e+02 4.5467e+02 6.8093e+02 5.3326e+02 5.6949e+02 5.4063e+02 5.6212e+02
19.7500 5.2405e+02 4.3077e+02 6.4751e+02 4.3287e+02 6.4593e+02 5.0716e+02 5.4093e+02 5.1392e+02 5.3418e+02
20.0000 4.9826e+02 4.0998e+02 6.1488e+02 4.1199e+02 6.1339e+02 4.8230e+02 5.1423e+02 4.8844e+02 5.0778e+02
20.2500 4.7370e+02 3.9051e+02 5.8380e+02 3.9235e+02 5.8238e+02 4.5897e+02 4.8874e+02 4.6449e+02 4.8291e+02
20.5000 4.5098e+02 3.7184e+02 5.5450e+02 3.7362e+02 5.5321e+02 4.3686e+02 4.6480e+02 4.4208e+02 4.5958e+02
20.7500 4.2919e+02 3.5453e+02 5.2714e+02 3.5612e+02 5.2589e+02 4.1629e+02 4.4239e+02 4.2090e+02 4.3748e+02
21.0000 4.0892e+02 3.3801e+02 5.0127e+02 3.3954e+02 5.0010e+02 3.9664e+02 4.2120e+02 4.0094e+02 4.1691e+02
21.2500 3.8958e+02 3.2242e+02 4.7695e+02 3.2388e+02 4.7585e+02 3.7792e+02 4.0125e+02 3.8191e+02 3.9695e+02
21.5000 3.7116e+02 3.0783e+02 4.5390e+02 3.0915e+02 4.5282e+02 3.6042e+02 3.8222e+02 3.6410e+02 3.7853e+02
21.7500 3.5397e+02 2.9378e+02 4.3235e+02 2.9503e+02 4.3133e+02 3.4384e+02 3.6441e+02 3.4722e+02 3.6103e+02
22.0000 3.3770e+02 2.8057e+02 4.1173e+02 2.8173e+02 4.1077e+02 3.2818e+02 3.4752e+02 3.3125e+02 3.4445e+02
22.2500 3.2235e+02 2.6797e+02 3.9227e+02 2.6915e+02 3.9143e+02 3.1314e+02 3.3125e+02 3.1590e+02 3.2849e+02
22.5000 3.0761e+02 2.5617e+02 3.7416e+02 2.5720e+02 3.7331e+02 2.9920e+02 3.1621e+02 3.0172e+02 3.1375e+02
22.7500 2.9389e+02 2.4487e+02 3.5690e+02 2.4588e+02 3.5612e+02 2.8585e+02 3.0193e+02 2.8815e+02 2.9960e+02
23.0000 2.8078e+02 2.3421e+02 3.4028e+02 2.3516e+02 3.3954e+02 2.7320e+02 2.8837e+02 2.7529e+02 2.8625e+02
23.2500 2.6835e+02 2.2407e+02 3.2489e+02 2.2497e+02 3.2419e+02 2.6120e+02 2.7550e+02 2.6310e+02 2.7360e+02
23.5000 2.5656e+02 2.1442e+02 3.1043e+02 2.1527e+02 3.0976e+02 2.4981e+02 2.6331e+02 2.5156e+02 2.6160e+02
23.7500 2.4538e+02 2.0529e+02 2.9639e+02 2.0609e+02 2.9576e+02 2.3903e+02 2.5174e+02 2.4060e+02 2.5020e+02
24.0000 2.3479e+02 1.9661e+02 2.8322e+02 1.9737e+02 2.8262e+02 2.2875e+02 2.4078e+02 2.3019e+02 2.3940e+02
24.2500 2.2472e+02 1.8833e+02 2.7072e+02 1.8905e+02 2.7016e+02 2.1901e+02 2.3040e+02 2.2030e+02 2.2911e+02
24.5000 2.1515e+02 1.8051e+02 2.5888e+02 1.8119e+02 2.5834e+02 2.0977e+02 2.2052e+02 2.1094e+02 2.1938e+02
24.7500 2.0606e+02 1.7302e+02 2.4764e+02 1.7367e+02 2.4713e+02 2.0096e+02 2.1112e+02 2.0201e+02 2.1011e+02
25.0000 1.9743e+02 1.6590e+02 2.3699e+02 1.6652e+02 2.3651e+02 1.9258e+02 2.0222e+02 1.9353e+02 2.0130e+02
25.2500 1.8920e+02 1.5915e+02 2.2684e+02 1.5973e+02 2.2638e+02 1.8463e+02 1.9375e+02 1.8549e+02 1.9292e+02
25.5000 1.8138e+02 1.5270e+02 2.1724e+02 1.5325e+02 2.1680e+02 1.7705e+02 1.8567e+02 1.7781e+02 1.8497e+02
25.7500 1.7395e+02 1.4655e+02 2.0807e+02 1.4708e+02 2.0766e+02 1.6983e+02 1.7800e+02 1.7051e+02 1.7735e+02
26.0000 1.6686e+02 1.4072e+02 1.9940e+02 1.4122e+02 1.9900e+02 1.6296e+02 1.7072e+02 1.6357e+02 1.7014e+02
26.2500 1.6010e+02 1.3513e+02 1.9112e+02 1.3560e+02 1.9074e+02 1.5642e+02 1.6375e+02 1.5697e+02 1.6326e+02
26.5000 1.5368e+02 1.2981e+02 1.8324e+02 1.3026e+02 1.8288e+02 1.5018e+02 1.5715e+02 1.5065e+02 1.5672e+02
26.7500 1.4754e+02 1.2473e+02 1.7577e+02 1.2516e+02 1.7542e+02 1.4423e+02 1.5086e+02 1.4463e+02 1.5046e+02
27.0000 1.4171e+02 1.1991e+02 1.6863e+02 1.2031e+02 1.6830e+02 1.3858e+02 1.4484e+02 1.3892e+02 1.4454e+02
27.2500 1.3615e+02 1.1528e+02 1.6183e+02 1.1568e+02 1.6151e+02 1.3315e+02 1.3913e+02 1.3345e+02 1.3886e+02
27.5000 1.3084e+02 1.1085e+02 1.5537e+02 1.1123e+02 1.5507e+02 1.2799e+02 1.3367e+02 1.2823e+02 1.3342e+02
27.7500 1.2578e+02 1.0666e+02 1.4918e+02 1.0702e+02 1.4890e+02 1.2305e+02 1.2845e+02 1.2326e+02 1.2826e+02
28.0000 1.2093e+02 1.0263e+02 1.4331e+02 1.0297e+02 1.4303e+02 1.1835e+02 1.2347e+02 1.1853e+02 1.2332e+02
28.2500 1.1629e+02 9.8777e+01 1.3768e+02 9.9100e+01 1.3741e+02 1.1387e+02 1.1872e+02 1.1399e+02 1.1862e+02
28.5000 1.1190e+02 9.5101e+01 1.3232e+02 9.5416e+01 1.3207e+02 1.0957e+02 1.1417e+02 1.0966e+02 1.1411e+02
28.7500 1.0767e+02 9.1557e+01 1.2722e+02 9.1854e+01 1.2697e+02 1.0545e+02 1.0984e+02 1.0552e+02 1.0981e+02
29.0000 1.0364e+02 8.8189e+01 1.2236e+02 8.8477e+01 1.2212e+02 1.0153e+02 1.0573e+02 1.0156e+02 1.0570e+02
29.2500 9.9775e+01 8.4982e+01 1.1768e+02 8.5254e+01 1.1746e+02 9.7779e+01 1.0177e+02 9.7779e+01 1.0177e+02
29.5000 9.6091e+01 8.1896e+01 1.1322e+02 8.2153e+01 1.1301e+02 9.4188e+01 9.7964e+01 9.4188e+01 9.8025e+01
29.7500 9.2561e+01 7.8928e+01 1.0897e+02 7.9175e+01 1.0877e+02 9.0749e+01 9.4372e+01 9.0719e+01 9.4403e+01
30.0000 8.9183e+01 7.6110e+01 1.0491e+02 7.6351e+01 1.0472e+02 8.7434e+01 9.0903e+01 8.7403e+01 9.0964e+01
30.2500 8.5960e+01 7.3390e+01 1.0101e+02 7.3619e+01 1.0082e+02 8.4302e+01 8.7587e+01 8.4241e+01 8.7679e+01
30.5000 8.2859e+01 7.0788e+01 9.7285e+01 7.1009e+01 9.7104e+01 8.1263e+01 8.4425e+01 8.1201e+01 8.4517e+01
30.7500 7.9881e+01 6.8313e+01 9.3752e+01 6.8522e+01 9.3574e+01 7.8377e+01 8.1386e+01 7.8285e+01 8.1508e+01
31.0000 7.7057e+01 6.5922e+01 9.0331e+01 6.6128e+01 9.0166e+01 7.5614e+01 7.8469e+01 7.5491e+01 7.8592e+01
31.2500 7.4325e+01 6.3628e+01 8.7073e+01 6.3825e+01 8.6912e+01 7.2943e+01 7.5675e+01 7.2820e+01 7.5829e+01
31.5000 7.1715e+01 6.1427e+01 8.3934e+01 6.1615e+01 8.3780e+01 7.0395e+01 7.3005e+01 7.0272e+01 7.3158e+01
31.7500 6.9228e+01 5.9310e+01 8.0949e+01 5.9497e+01 8.0802e+01 6.7939e+01 7.0457e+01 6.7816e+01 7.0610e+01
32.0000 6.6803e+01 5.7297e+01 7.8093e+01 5.7470e+01 7.7947e+01 6.5606e+01 6.8001e+01 6.5452e+01 6.8154e+01
32.2500 6.4501e+01 5.5373e+01 7.5325e+01 5.5536e+01 7.5184e+01 6.3365e+01 6.5637e+01 6.3211e+01 6.5821e+01
32.5000 6.2290e+01 5.3502e+01 7.2710e+01 5.3664e+01 7.2575e+01 6.1185e+01 6.3395e+01 6.1032e+01 6.3549e+01
32.7500 6.0172e+01 5.1702e+01 7.0158e+01 5.1852e+01 7.0027e+01 5.9128e+01 6.1216e+01 5.8975e+01 6.1400e+01
33.0000 5.8146e+01 4.9985e+01 6.7754e+01 5.0133e+01 6.7632e+01 5.7133e+01 5.9128e+01 5.6979e+01 5.9312e+01
33.2500 5.6181e+01 4.8334e+01 6.5419e+01 4.8475e+01 6.5299e+01 5.5229e+01 5.7133e+01 5.5045e+01 5.7317e+01
33.5000 5.4308e+01 4.6741e+01 6.3175e+01 4.6879e+01 6.3058e+01 5.3387e+01 5.5229e+01 5.3203e+01 5.5413e+01
33.7500 5.2497e+01 4.5214e+01 6.1054e+01 4.5344e+01 6.0940e+01 5.1607e+01 5.3387e+01 5.1453e+01 5.3572e+01
34.0000 5.0778e+01 4.3739e+01 5.8988e+01 4.3870e+01 5.8883e+01 4.9918e+01 5.1607e+01 4.9734e+01 5.1791e+01
34.2500 4.9089e+01 4.2338e+01 5.6993e+01 4.2458e+01 5.6887e+01 4.8291e+01 4.9888e+01 4.8107e+01 5.0102e+01
34.5000 4.7493e+01 4.0961e+01 5.5117e+01 4.1077e+01 5.5014e+01 4.6725e+01 4.8260e+01 4.6541e+01 4.8475e+01
34.7500 4.5958e+01 3.9641e+01 5.3268e+01 3.9757e+01 5.3172e+01 4.5221e+01 4.6695e+01 4.5006e+01 4.6879e+01
35.0000 4.4484e+01 3.8383e+01 5.1515e+01 3.8498e+01 5.1422e+01 4.3748e+01 4.5190e+01 4.3563e+01 4.5375e+01
35.2500 4.3041e+01 3.7167e+01 4.9827e+01 3.7270e+01 4.9734e+01 4.2366e+01 4.3717e+01 4.2182e+01 4.3932e+01
35.5000 4.1660e+01 3.6005e+01 4.8226e+01 3.6103e+01 4.8138e+01 4.1015e+01 4.2305e+01 4.0831e+01 4.2520e+01
35.7500 4.0340e+01 3.4869e+01 4.6660e+01 3.4967e+01 4.6572e+01 3.9726e+01 4.0984e+01 3.9511e+01 4.1169e+01
36.0000 3.9081e+01 3.3796e+01 4.5149e+01 3.3893e+01 4.5068e+01 3.8467e+01 3.9664e+01 3.8283e+01 3.9879e+01
36.2500 3.7853e+01 3.2757e+01 4.3705e+01 3.2849e+01 4.3625e+01 3.7270e+01 3.8436e+01 3.7086e+01 3.8621e+01
36.5000 3.6656e+01 3.1749e+01 4.2323e+01 3.1836e+01 4.2243e+01 3.6103e+01 3.7208e+01 3.5919e+01 3.7423e+01
36.7500 3.5520e+01 3.0772e+01 4.1001e+01 3.0854e+01 4.0923e+01 3.4998e+01 3.6072e+01 3.4814e+01 3.6257e+01
37.0000 3.4445e+01 2.9839e+01 3.9705e+01 2.9923e+01 3.9634e+01 3.3923e+01 3.4937e+01 3.3739e+01 3.5151e+01
37.2500 3.3371e+01 2.8938e+01 3.8448e+01 2.9018e+01 3.8375e+01 3.2880e+01 3.3862e+01 3.2696e+01 3.4077e+01
37.5000 3.2358e+01 2.8061e+01 3.7247e+01 2.8143e+01 3.7178e+01 3.1867e+01 3.2818e+01 3.1682e+01 3.3033e+01
37.7500 3.1375e+01 2.7225e+01 3.6109e+01 2.7302e+01 3.6042e+01 3.0915e+01 3.1836e+01 3.0731e+01 3.2020e+01
38.0000 3.0430e+01 2.6414e+01 3.5001e+01 2.6488e+01 3.4937e+01 2.9985e+01 3.0854e+01 2.9804e+01 3.1068e+01
38.2500 2.9518e+01 2.5633e+01 3.3924e+01 2.5705e+01 3.3862e+01 2.9088e+01 2.9932e+01 2.8910e+01 3.0123e+01
38.5000 2.8634e+01 2.4877e+01 3.2909e+01 2.4947e+01 3.2849e+01 2.8223e+01 2.9036e+01 2.8044e+01 2.9223e+01
38.7500 2.7784e+01 2.4149e+01 3.1895e+01 2.4216e+01 3.1836e+01 2.7387e+01 2.8170e+01 2.7212e+01 2.8358e+01
39.0000 2.6964e+01 2.3444e+01 3.0941e+01 2.3510e+01 3.0884e+01 2.6580e+01 2.7335e+01 2.6405e+01 2.7520e+01
39.2500 2.6169e+01 2.2765e+01 3.0015e+01 2.2828e+01 2.9960e+01 2.5803e+01 2.6528e+01 2.5628e+01 2.6709e+01
39.5000 2.5404e+01 2.2107e+01 2.9123e+01 2.2169e+01 2.9070e+01 2.5051e+01 2.5748e+01 2.4879e+01 2.5929e+01
39.7500 2.4664e+01 2.1474e+01 2.8259e+01 2.1533e+01 2.8207e+01 2.4324e+01 2.4999e+01 2.4155e+01 2.5174e+01
40.0000 2.3952e+01 2.0858e+01 2.7428e+01 2.0916e+01 2.7378e+01 2.3621e+01 2.4271e+01 2.3455e+01 2.4446e+01
40.2500 2.3261e+01 2.0267e+01 2.6623e+01 2.0323e+01 2.6574e+01 2.2945e+01 2.3568e+01 2.2779e+01 2.3743e+01
40.5000 2.2595e+01 1.9695e+01 2.5848e+01 1.9749e+01 2.5800e+01 2.2288e+01 2.2893e+01 2.2129e+01 2.3062e+01
40.7500 2.1950e+01 1.9141e+01 2.5098e+01 1.9194e+01 2.5051e+01 2.1656e+01 2.2239e+01 2.1496e+01 2.2405e+01
41.0000 2.1327e+01 1.8605e+01 2.4375e+01 1.8656e+01 2.4330e+01 2.1045e+01 2.1607e+01 2.0885e+01 2.1769e+01
41.2500 2.0726e+01 1.8085e+01 2.3677e+01 1.8134e+01 2.3633e+01 2.0452e+01 2.0993e+01 2.0296e+01 2.1155e+01
41.5000 2.0145e+01 1.7583e+01 2.3000e+01 1.7631e+01 2.2957e+01 1.9878e+01 2.0403e+01 1.9728e+01 2.0563e+01
41.7500 1.9581e+01 1.7099e+01 2.2345e+01 1.7146e+01 2.2303e+01 1.9326e+01 1.9829e+01 1.9175e+01 1.9989e+01
42.0000 1.9037e+01 1.6631e+01 2.1714e+01 1.6676e+01 2.1674e+01 1.8791e+01 1.9276e+01 1.8641e+01 1.9433e+01
42.2500 1.8512e+01 1.6174e+01 2.1105e+01 1.6219e+01 2.1066e+01 1.8273e+01 1.8742e+01 1.8125e+01 1.8896e+01
42.5000 1.8002e+01 1.5733e+01 2.0515e+01 1.5777e+01 2.0477e+01 1.7772e+01 1.8227e+01 1.7625e+01 1.8377e+01
42.7500 1.7508e+01 1.5308e+01 1.9943e+01 1.5350e+01 1.9906e+01 1.7287e+01 1.7723e+01 1.7143e+01 1.7873e+01
43.0000 1.7029e+01 1.4898e+01 1.9390e+01 1.4939e+01 1.9353e+01 1.6817e+01 1.7241e+01 1.6676e+01 1.7385e+01
43.2500 1.6569e+01 1.4496e+01 1.8858e+01 1.4536e+01 1.8822e+01 1.6360e+01 1.6771e+01 1.6222e+01 1.6916e+01
43.5000 1.6121e+01 1.4111e+01 1.8338e+01 1.4150e+01 1.8303e+01 1.5921e+01 1.6317e+01 1.5786e+01 1.6458e+01
43.7500 1.5688e+01 1.3737e+01 1.7840e+01 1.3775e+01 1.7806e+01 1.5494e+01 1.5878e+01 1.5359e+01 1.6016e+01
44.0000 1.5267e+01 1.3374e+01 1.7354e+01 1.3410e+01 1.7321e+01 1.5080e+01 1.5451e+01 1.4951e+01 1.5586e+01
44.2500 1.4862e+01 1.3021e+01 1.6883e+01 1.3057e+01 1.6851e+01 1.4681e+01 1.5040e+01 1.4552e+01 1.5172e+01
44.5000 1.4469e+01 1.2681e+01 1.6430e+01 1.2716e+01 1.6400e+01 1.4294e+01 1.4638e+01 1.4165e+01 1.4770e+01
44.7500 1.4085e+01 1.2351e+01 1.5991e+01 1.2384e+01 1.5961e+01 1.3916e+01 1.4251e+01 1.3790e+01 1.4380e+01
45.0000 1.3717e+01 1.2029e+01 1.5564e+01 1.2062e+01 1.5534e+01 1.3551e+01 1.3876e+01 1.3428e+01 1.4005e+01
45.2500 1.3358e+01 1.1720e+01 1.5152e+01 1.1752e+01 1.5123e+01 1.3198e+01 1.3514e+01 1.3078e+01 1.3637e+01
45.5000 1.3011e+01 1.1417e+01 1.4752e+01 1.1448e+01 1.4724e+01 1.2857e+01 1.3161e+01 1.2737e+01 1.3284e+01
45.7500 1.2673e+01 1.1127e+01 1.4365e+01 1.1156e+01 1.4337e+01 1.2526e+01 1.2820e+01 1.2409e+01 1.2940e+01
46.0000 1.2348e+01 1.0842e+01 1.3989e+01 1.0871e+01 1.3962e+01 1.2203e+01 1.2489e+01 1.2090e+01 1.2605e+01
46.2500 1.2031e+01 1.0569e+01 1.3623e+01 1.0598e+01 1.3597e+01 1.1890e+01 1.2166e+01 1.1780e+01 1.2283e+01
46.5000 1.1724e+01 1.0303e+01 1.3272e+01 1.0331e+01 1.3247e+01 1.1589e+01 1.1856e+01 1.1479e+01 1.1970e+01
46.7500 1.1427e+01 1.0042e+01 1.2928e+01 1.0070e+01 1.2903e+01 1.1294e+01 1.1552e+01 1.1187e+01 1.1666e+01
47.0000 1.1138e+01 9.7907e+00 1.2596e+01 9.8179e+00 1.2572e+01 1.1009e+01 1.1261e+01 1.0902e+01 1.1371e+01
47.2500 1.0855e+01 9.5465e+00 1.2276e+01 9.5723e+00 1.2252e+01 1.0733e+01 1.0975e+01 1.0628e+01 1.1086e+01
47.5000 1.0582e+01 9.3108e+00 1.1963e+01 9.3359e+00 1.1939e+01 1.0463e+01 1.0699e+01 1.0361e+01 1.0806e+01
47.7500 1.0318e+01 9.0815e+00 1.1661e+01 9.1056e+00 1.1638e+01 1.0205e+01 1.0432e+01 1.0103e+01 1.0536e+01
48.0000 1.0063e+01 8.8573e+00 1.1365e+01 8.8815e+00 1.1344e+01 9.9499e+00 1.0171e+01 9.8516e+00 1.0275e+01
48.2500 9.8148e+00 8.6396e+00 1.1079e+01 8.6635e+00 1.1058e+01 9.7043e+00 9.9192e+00 9.6060e+00 1.0021e+01
48.5000 9.5723e+00 8.4285e+00 1.0803e+01 8.4517e+00 1.0782e+01 9.4648e+00 9.6736e+00 9.3696e+00 9.7749e+00
48.7500 9.3359e+00 8.2238e+00 1.0536e+01 8.2460e+00 1.0515e+01 9.2346e+00 9.4372e+00 9.1394e+00 9.5354e+00
49.0000 9.1087e+00 8.0251e+00 1.0274e+01 8.0465e+00 1.0254e+01 9.0105e+00 9.2069e+00 8.9184e+00 9.3021e+00
49.2500 8.8877e+00 7.8317e+00 1.0022e+01 7.8531e+00 1.0002e+01 8.7894e+00 8.9828e+00 8.7004e+00 9.0749e+00
49.5000 8.6728e+00 7.6447e+00 9.7753e+00 7.6658e+00 9.7565e+00 8.5776e+00 8.7648e+00 8.4886e+00 8.8539e+00
49.7500 8.4640e+00 7.4608e+00 9.5357e+00 7.4816e+00 9.5170e+00 8.3719e+00 8.5530e+00 8.2829e+00 8.6420e+00
50.0000 8.2583e+00 7.2874e+00 9.3051e+00 7.3066e+00 9.2867e+00 8.1723e+00 8.3443e+00 8.0864e+00 8.4333e+00

