# FONLL heavy quark hadroproduction cross section, calculated on Fri Aug 23 01:35:11 CEST 2019
# FONLL version and perturbative order: ## FONLL v1.3.2 fonll [ds/dpt^2dy (pb/GeV^2)]
# quark = bottom
# final state = lepton from B->D->l. NP params (cm,lm,hm) = 24.2, 26.7, 22.2
# BR(q->meson) = 1
# BR(B->D->l) = 0.096
# ebeam1 = 6500, ebeam2 = 6500
# PDF set = CTEQ6.6
# ptmin = 0.5
# ptmax = 299.5
# etamin = -1
# etamax = 1
# Uncertainties from scales, masses, PDFs combined quadratically
# cross section is ds/dpt (pb/GeV)
# pt      central      min       max       min_sc     max_sc     min_mass   max_mass     min_pdf    max_pdf
   0.5000 9.8208e+06 5.4390e+06 1.4403e+07 5.8368e+06 1.3930e+07 8.4797e+06 1.1405e+07 8.5843e+06 1.1088e+07
   1.5000 2.1456e+06 1.3326e+06 3.0948e+06 1.4026e+06 3.0202e+06 1.9085e+06 2.4298e+06 1.9162e+06 2.3808e+06
   2.5000 6.1382e+05 4.2026e+05 8.6565e+05 4.3622e+05 8.5123e+05 5.5997e+05 6.7603e+05 5.5882e+05 6.7027e+05
   3.5000 2.2349e+05 1.6341e+05 3.0764e+05 1.6838e+05 3.0384e+05 2.0746e+05 2.4154e+05 2.0573e+05 2.4077e+05
   4.5000 9.6192e+04 7.3408e+04 1.3004e+05 7.5235e+04 1.2864e+05 9.0374e+04 1.0272e+05 8.9405e+04 1.0330e+05
   5.5000 4.6752e+04 3.6250e+04 6.1924e+04 3.6998e+04 6.1363e+04 4.4371e+04 4.9334e+04 4.3670e+04 4.9920e+04
   6.5000 2.4902e+04 1.9556e+04 3.2408e+04 1.9930e+04 3.2141e+04 2.3741e+04 2.6122e+04 2.3318e+04 2.6467e+04
   7.5000 1.4227e+04 1.1319e+04 1.8212e+04 1.1510e+04 1.8077e+04 1.3651e+04 1.4813e+04 1.3363e+04 1.5072e+04
   8.5000 8.5699e+03 6.9146e+03 1.0845e+04 7.0195e+03 1.0762e+04 8.2733e+03 8.9203e+03 8.0717e+03 9.0682e+03
   9.5000 5.4202e+03 4.4015e+03 6.7499e+03 4.4640e+03 6.7008e+03 5.2464e+03 5.6026e+03 5.1149e+03 5.7283e+03
  10.5000 3.5510e+03 2.9081e+03 4.3835e+03 2.9482e+03 4.3526e+03 3.4474e+03 3.6576e+03 3.3533e+03 3.7488e+03
  11.5000 2.4000e+03 1.9809e+03 2.9347e+03 2.0083e+03 2.9136e+03 2.3299e+03 2.4691e+03 2.2685e+03 2.5315e+03
  12.5000 1.6675e+03 1.3852e+03 2.0201e+03 1.4035e+03 2.0054e+03 1.6224e+03 1.7117e+03 1.5782e+03 1.7578e+03
  13.5000 1.1875e+03 9.9094e+02 1.4247e+03 1.0042e+03 1.4150e+03 1.1578e+03 1.2144e+03 1.1232e+03 1.2490e+03
  14.5000 8.6074e+02 7.2281e+02 1.0276e+03 7.3181e+02 1.0205e+03 8.4115e+02 8.7888e+02 8.1581e+02 9.0557e+02
  15.5000 6.3523e+02 5.3658e+02 7.5377e+02 5.4317e+02 7.4842e+02 6.2189e+02 6.4800e+02 6.0240e+02 6.6806e+02
  16.5000 4.7664e+02 4.0432e+02 5.6251e+02 4.0925e+02 5.5843e+02 4.6742e+02 4.8557e+02 4.5206e+02 5.0122e+02
  17.5000 3.6278e+02 3.0895e+02 4.2595e+02 3.1267e+02 4.2278e+02 3.5616e+02 3.6931e+02 3.4426e+02 3.8141e+02
  18.5000 2.7965e+02 2.3880e+02 3.2681e+02 2.4173e+02 3.2438e+02 2.7485e+02 2.8426e+02 2.6525e+02 2.9386e+02
  19.5000 2.1811e+02 1.8698e+02 2.5362e+02 1.8922e+02 2.5171e+02 2.1456e+02 2.2157e+02 2.0707e+02 2.2906e+02
  20.5000 1.7194e+02 1.4791e+02 1.9919e+02 1.4966e+02 1.9766e+02 1.6934e+02 1.7443e+02 1.6330e+02 1.8058e+02
  21.5000 1.3690e+02 1.1801e+02 1.5814e+02 1.1942e+02 1.5686e+02 1.3498e+02 1.3882e+02 1.2998e+02 1.4390e+02
  22.5000 1.1002e+02 9.5034e+01 1.2666e+02 9.6192e+01 1.2566e+02 1.0848e+02 1.1146e+02 1.0445e+02 1.1549e+02
  23.5000 8.9078e+01 7.7189e+01 1.0219e+02 7.8106e+01 1.0138e+02 8.7907e+01 9.0221e+01 8.4653e+01 9.3494e+01
  24.5000 7.2691e+01 6.3161e+01 8.3178e+01 6.3917e+01 8.2502e+01 7.1789e+01 7.3594e+01 6.9082e+01 7.6282e+01
  25.5000 5.9731e+01 5.1985e+01 6.8223e+01 5.2598e+01 6.7661e+01 5.9021e+01 6.0509e+01 5.6794e+01 6.2669e+01
  26.5000 4.9421e+01 4.3092e+01 5.6276e+01 4.3603e+01 5.5805e+01 4.8864e+01 5.0006e+01 4.6992e+01 5.1850e+01
  27.5000 4.1136e+01 3.5945e+01 4.6736e+01 3.6365e+01 4.6339e+01 4.0694e+01 4.1606e+01 3.9139e+01 4.3152e+01
  28.5000 3.4445e+01 3.0142e+01 3.9042e+01 3.0499e+01 3.8707e+01 3.4090e+01 3.4819e+01 3.2765e+01 3.6125e+01
  29.5000 2.8992e+01 2.5427e+01 3.2801e+01 2.5728e+01 3.2515e+01 2.8694e+01 2.9318e+01 2.7590e+01 3.0403e+01
  30.5000 2.4547e+01 2.1535e+01 2.7705e+01 2.1792e+01 2.7466e+01 2.4298e+01 2.4787e+01 2.3357e+01 2.5728e+01
  31.5000 2.0861e+01 1.8332e+01 2.3516e+01 1.8547e+01 2.3309e+01 2.0650e+01 2.1062e+01 1.9862e+01 2.1869e+01
  32.5000 1.7808e+01 1.5669e+01 2.0040e+01 1.5859e+01 1.9862e+01 1.7635e+01 1.7981e+01 1.6944e+01 1.8662e+01
  33.5000 1.5264e+01 1.3449e+01 1.7154e+01 1.3613e+01 1.7002e+01 1.5120e+01 1.5408e+01 1.4525e+01 1.5994e+01
  34.5000 1.3133e+01 1.1586e+01 1.4746e+01 1.1722e+01 1.4611e+01 1.3018e+01 1.3258e+01 1.2509e+01 1.3766e+01
  35.5000 1.1347e+01 1.0016e+01 1.2723e+01 1.0138e+01 1.2605e+01 1.1251e+01 1.1453e+01 1.0800e+01 1.1894e+01
  36.5000 9.8400e+00 8.6984e+00 1.1017e+01 8.8022e+00 1.0915e+01 9.7632e+00 9.9264e+00 9.3706e+00 1.0310e+01
  37.5000 8.5613e+00 7.5759e+00 9.5773e+00 7.6666e+00 9.4886e+00 8.4922e+00 8.6381e+00 8.1542e+00 8.9693e+00
  38.5000 7.4774e+00 6.6177e+00 8.3499e+00 6.6989e+00 8.2733e+00 7.4141e+00 7.5379e+00 7.1184e+00 7.8298e+00
  39.5000 6.5472e+00 5.8041e+00 7.3031e+00 5.8733e+00 7.2355e+00 6.4915e+00 6.5981e+00 6.2390e+00 6.8554e+00
  40.5000 5.7485e+00 5.0999e+00 6.4060e+00 5.1629e+00 6.3456e+00 5.7005e+00 5.7936e+00 5.4739e+00 6.0202e+00
  41.5000 5.0611e+00 4.4948e+00 5.6343e+00 4.5504e+00 5.5805e+00 5.0189e+00 5.1014e+00 4.8202e+00 5.3002e+00
  42.5000 4.4678e+00 3.9714e+00 4.9703e+00 4.0205e+00 4.9219e+00 4.4314e+00 4.5034e+00 4.2557e+00 4.6800e+00
  43.5000 3.9542e+00 3.5164e+00 4.3955e+00 3.5597e+00 4.3526e+00 3.9226e+00 3.9850e+00 3.7670e+00 4.1414e+00
  44.5000 3.5098e+00 3.1222e+00 3.8967e+00 3.1613e+00 3.8592e+00 3.4810e+00 3.5357e+00 3.3427e+00 3.6739e+00
  45.5000 3.1200e+00 2.7786e+00 3.4635e+00 2.8128e+00 3.4282e+00 3.0960e+00 3.1440e+00 2.9731e+00 3.2698e+00
  46.5000 2.7830e+00 2.4785e+00 3.0848e+00 2.5104e+00 3.0547e+00 2.7590e+00 2.8042e+00 2.6496e+00 2.9126e+00
  47.5000 2.4854e+00 2.2142e+00 2.7536e+00 2.2426e+00 2.7264e+00 2.4653e+00 2.5037e+00 2.3664e+00 2.6016e+00
  48.5000 2.2234e+00 1.9832e+00 2.4627e+00 2.0083e+00 2.4374e+00 2.2070e+00 2.2406e+00 2.1178e+00 2.3290e+00
  49.5000 1.9949e+00 1.7802e+00 2.2079e+00 1.8029e+00 2.1850e+00 1.9805e+00 2.0093e+00 1.8998e+00 2.0899e+00
  50.5000 1.7923e+00 1.6000e+00 1.9834e+00 1.6205e+00 1.9622e+00 1.7798e+00 1.8048e+00 1.7069e+00 1.8787e+00
  51.5000 1.6138e+00 1.4408e+00 1.7846e+00 1.4592e+00 1.7654e+00 1.6032e+00 1.6253e+00 1.5370e+00 1.6915e+00
  52.5000 1.4554e+00 1.3005e+00 1.6082e+00 1.3171e+00 1.5907e+00 1.4458e+00 1.4659e+00 1.3862e+00 1.5254e+00
  53.5000 1.3142e+00 1.1757e+00 1.4529e+00 1.1904e+00 1.4371e+00 1.3056e+00 1.3248e+00 1.2528e+00 1.3776e+00
  54.5000 1.1904e+00 1.0643e+00 1.3139e+00 1.0781e+00 1.2998e+00 1.1818e+00 1.1981e+00 1.1338e+00 1.2470e+00
  55.5000 1.0790e+00 9.6458e-01 1.1900e+00 9.7728e-01 1.1770e+00 1.0714e+00 1.0858e+00 1.0272e+00 1.1309e+00
  56.5000 9.7920e-01 8.7615e-01 1.0803e+00 8.8771e-01 1.0685e+00 9.7248e-01 9.8592e-01 9.3226e-01 1.0262e+00
  57.5000 8.9002e-01 7.9728e-01 9.8153e-01 8.0803e-01 9.7056e-01 8.8387e-01 8.9616e-01 8.4710e-01 9.3302e-01
  58.5000 8.1024e-01 7.2557e-01 8.9312e-01 7.3546e-01 8.8301e-01 8.0496e-01 8.1590e-01 7.7088e-01 8.4950e-01
  59.5000 7.3862e-01 6.6161e-01 8.1393e-01 6.7075e-01 8.0458e-01 7.3325e-01 7.4371e-01 7.0262e-01 7.7462e-01
  60.5000 6.7430e-01 6.0407e-01 7.4274e-01 6.1248e-01 7.3411e-01 6.6989e-01 6.7901e-01 6.4128e-01 7.0723e-01
  61.5000 6.1622e-01 5.5230e-01 6.7869e-01 5.6006e-01 6.7066e-01 6.1200e-01 6.2064e-01 5.8598e-01 6.4656e-01
  62.5000 5.6400e-01 5.0562e-01 6.2097e-01 5.1283e-01 6.1354e-01 5.6016e-01 5.6803e-01 5.3616e-01 5.9184e-01
  63.5000 5.1677e-01 4.6334e-01 5.6888e-01 4.7002e-01 5.6198e-01 5.1331e-01 5.2051e-01 4.9114e-01 5.4240e-01
  64.5000 4.7414e-01 4.2522e-01 5.2173e-01 4.3142e-01 5.1533e-01 4.7088e-01 4.7741e-01 4.5053e-01 4.9776e-01
  65.5000 4.3546e-01 3.9063e-01 4.7918e-01 3.9638e-01 4.7318e-01 4.3258e-01 4.3853e-01 4.1366e-01 4.5734e-01
  66.5000 4.0051e-01 3.5919e-01 4.4058e-01 3.6461e-01 4.3498e-01 3.9773e-01 4.0320e-01 3.8026e-01 4.2077e-01
  67.5000 3.6883e-01 3.3081e-01 4.0520e-01 3.3590e-01 4.0003e-01 3.6614e-01 3.7123e-01 3.5002e-01 3.8736e-01
  68.5000 3.3974e-01 3.0493e-01 3.7344e-01 3.0960e-01 3.6854e-01 3.3754e-01 3.4176e-01 3.2246e-01 3.5712e-01
  69.5000 3.1325e-01 2.8120e-01 3.4460e-01 2.8550e-01 3.3994e-01 3.1142e-01 3.1536e-01 2.9731e-01 3.2957e-01
  70.5000 2.8934e-01 2.5975e-01 3.1805e-01 2.6371e-01 3.1382e-01 2.8752e-01 2.9117e-01 2.7466e-01 3.0422e-01
  71.5000 2.6765e-01 2.4016e-01 2.9417e-01 2.4403e-01 2.9021e-01 2.6563e-01 2.6947e-01 2.5373e-01 2.8147e-01
  72.5000 2.4758e-01 2.2225e-01 2.7218e-01 2.2589e-01 2.6842e-01 2.4576e-01 2.4931e-01 2.3462e-01 2.6054e-01
  73.5000 2.2934e-01 2.0572e-01 2.5204e-01 2.0918e-01 2.4854e-01 2.2762e-01 2.3088e-01 2.1715e-01 2.4134e-01
  74.5000 2.1245e-01 1.9073e-01 2.3344e-01 1.9392e-01 2.3011e-01 2.1101e-01 2.1398e-01 2.0122e-01 2.2368e-01
  75.5000 1.9709e-01 1.7688e-01 2.1652e-01 1.7990e-01 2.1341e-01 1.9584e-01 1.9843e-01 1.8653e-01 2.0755e-01
  76.5000 1.8298e-01 1.6423e-01 2.0100e-01 1.6704e-01 1.9805e-01 1.8173e-01 1.8432e-01 1.7318e-01 1.9277e-01
  77.5000 1.6992e-01 1.5259e-01 1.8673e-01 1.5523e-01 1.8394e-01 1.6877e-01 1.7107e-01 1.6080e-01 1.7914e-01
  78.5000 1.5811e-01 1.4185e-01 1.7366e-01 1.4438e-01 1.7107e-01 1.5696e-01 1.5907e-01 1.4947e-01 1.6666e-01
  79.5000 1.4717e-01 1.3206e-01 1.6160e-01 1.3450e-01 1.5917e-01 1.4611e-01 1.4803e-01 1.3901e-01 1.5514e-01
  80.5000 1.3699e-01 1.2293e-01 1.5057e-01 1.2518e-01 1.4822e-01 1.3603e-01 1.3786e-01 1.2941e-01 1.4458e-01
  81.5000 1.2778e-01 1.1456e-01 1.4031e-01 1.1674e-01 1.3814e-01 1.2682e-01 1.2854e-01 1.2058e-01 1.3478e-01
  82.5000 1.1914e-01 1.0691e-01 1.3090e-01 1.0896e-01 1.2883e-01 1.1827e-01 1.1981e-01 1.1242e-01 1.2576e-01
  83.5000 1.1126e-01 9.9809e-02 1.2212e-01 1.0176e-01 1.2019e-01 1.1040e-01 1.1184e-01 1.0493e-01 1.1741e-01
  84.5000 1.0387e-01 9.3230e-02 1.1417e-01 9.5011e-02 1.1232e-01 1.0320e-01 1.0454e-01 9.8016e-02 1.0973e-01
  85.5000 9.7056e-02 8.7110e-02 1.0672e-01 8.8829e-02 1.0493e-01 9.6384e-02 9.7632e-02 9.1507e-02 1.0262e-01
  86.5000 9.0787e-02 8.1492e-02 9.9796e-02 8.3088e-02 9.8112e-02 9.0202e-02 9.1363e-02 8.5613e-02 9.6000e-02
  87.5000 8.4979e-02 7.6254e-02 9.3408e-02 7.7779e-02 9.1786e-02 8.4422e-02 8.5498e-02 8.0083e-02 8.9923e-02
  88.5000 7.9584e-02 7.1414e-02 8.7483e-02 7.2864e-02 8.5939e-02 7.9066e-02 8.0074e-02 7.4966e-02 8.4250e-02
  89.5000 7.4582e-02 6.6884e-02 8.2000e-02 6.8294e-02 8.0525e-02 7.4102e-02 7.5043e-02 7.0166e-02 7.8998e-02
  90.5000 6.9936e-02 6.2706e-02 7.6913e-02 6.4051e-02 7.5494e-02 6.9485e-02 7.0368e-02 6.5760e-02 7.4131e-02
  91.5000 6.5616e-02 5.8826e-02 7.2171e-02 6.0106e-02 7.0819e-02 6.5203e-02 6.6038e-02 6.1670e-02 6.9581e-02
  92.5000 6.1613e-02 5.5222e-02 6.7771e-02 5.6448e-02 6.6480e-02 6.1219e-02 6.1997e-02 5.7869e-02 6.5366e-02
  93.5000 5.7878e-02 5.1870e-02 6.3678e-02 5.3040e-02 6.2448e-02 5.7504e-02 5.8243e-02 5.4336e-02 6.1430e-02
  94.5000 5.4394e-02 4.8734e-02 5.9875e-02 4.9853e-02 5.8694e-02 5.4048e-02 5.4749e-02 5.1034e-02 5.7773e-02
  95.5000 5.1168e-02 4.5829e-02 5.6316e-02 4.6906e-02 5.5190e-02 5.0822e-02 5.1494e-02 4.7971e-02 5.4365e-02
  96.5000 4.8144e-02 4.3111e-02 5.3002e-02 4.4141e-02 5.1917e-02 4.7827e-02 4.8461e-02 4.5110e-02 5.1187e-02
  97.5000 4.5331e-02 4.0577e-02 4.9912e-02 4.1568e-02 4.8874e-02 4.5034e-02 4.5619e-02 4.2442e-02 4.8221e-02
  98.5000 4.2701e-02 3.8210e-02 4.7026e-02 3.9158e-02 4.6032e-02 4.2422e-02 4.2970e-02 3.9955e-02 4.5446e-02
  99.5000 4.0253e-02 3.6012e-02 4.4331e-02 3.6922e-02 4.3392e-02 3.9984e-02 4.0493e-02 3.7642e-02 4.2845e-02
 100.5000 3.7949e-02 3.3957e-02 4.1812e-02 3.4829e-02 4.0896e-02 3.7699e-02 3.8189e-02 3.5472e-02 4.0435e-02
 101.5000 3.5798e-02 3.2021e-02 3.9463e-02 3.2851e-02 3.8582e-02 3.5568e-02 3.6029e-02 3.3446e-02 3.8170e-02
 102.5000 3.3792e-02 3.0208e-02 3.7250e-02 3.1008e-02 3.6413e-02 3.3571e-02 3.3994e-02 3.1546e-02 3.6038e-02
 103.5000 3.1910e-02 2.8513e-02 3.5183e-02 2.9280e-02 3.4378e-02 3.1709e-02 3.2102e-02 2.9770e-02 3.4051e-02
 104.5000 3.0144e-02 2.6933e-02 3.3252e-02 2.7667e-02 3.2477e-02 2.9952e-02 3.0336e-02 2.8109e-02 3.2189e-02
 105.5000 2.8493e-02 2.5448e-02 3.1436e-02 2.6160e-02 3.0691e-02 2.8310e-02 2.8666e-02 2.6544e-02 3.0442e-02
 106.5000 2.6947e-02 2.4052e-02 2.9706e-02 2.4739e-02 2.9011e-02 2.6755e-02 2.7110e-02 2.5085e-02 2.8771e-02
 107.5000 2.5488e-02 2.2745e-02 2.8103e-02 2.3405e-02 2.7427e-02 2.5315e-02 2.5642e-02 2.3712e-02 2.7235e-02
 108.5000 2.4096e-02 2.1511e-02 2.6609e-02 2.2128e-02 2.5949e-02 2.3962e-02 2.4269e-02 2.2426e-02 2.5786e-02
 109.5000 2.2819e-02 2.0365e-02 2.5196e-02 2.0966e-02 2.4566e-02 2.2685e-02 2.2982e-02 2.1216e-02 2.4422e-02
 110.5000 2.1610e-02 1.9272e-02 2.3863e-02 1.9843e-02 2.3261e-02 2.1485e-02 2.1763e-02 2.0083e-02 2.3136e-02
 111.5000 2.0477e-02 1.8249e-02 2.2621e-02 1.8806e-02 2.2042e-02 2.0362e-02 2.0621e-02 1.9008e-02 2.1936e-02
 112.5000 1.9402e-02 1.7290e-02 2.1450e-02 1.7818e-02 2.0880e-02 1.9296e-02 1.9546e-02 1.8010e-02 2.0813e-02
 113.5000 1.8394e-02 1.6378e-02 2.0347e-02 1.6886e-02 1.9795e-02 1.8298e-02 1.8538e-02 1.7059e-02 1.9747e-02
 114.5000 1.7453e-02 1.5533e-02 1.9297e-02 1.6022e-02 1.8768e-02 1.7357e-02 1.7578e-02 1.6176e-02 1.8739e-02
 115.5000 1.6560e-02 1.4735e-02 1.8323e-02 1.5206e-02 1.7818e-02 1.6454e-02 1.6685e-02 1.5341e-02 1.7789e-02
 116.5000 1.5725e-02 1.3968e-02 1.7405e-02 1.4429e-02 1.6915e-02 1.5619e-02 1.5840e-02 1.4544e-02 1.6906e-02
 117.5000 1.4928e-02 1.3261e-02 1.6533e-02 1.3699e-02 1.6061e-02 1.4842e-02 1.5034e-02 1.3805e-02 1.6061e-02
 118.5000 1.4189e-02 1.2590e-02 1.5706e-02 1.3018e-02 1.5254e-02 1.4093e-02 1.4285e-02 1.3104e-02 1.5264e-02
 119.5000 1.3478e-02 1.1961e-02 1.4934e-02 1.2374e-02 1.4496e-02 1.3392e-02 1.3565e-02 1.2442e-02 1.4515e-02
 120.5000 1.2816e-02 1.1360e-02 1.4204e-02 1.1760e-02 1.3786e-02 1.2730e-02 1.2902e-02 1.1818e-02 1.3805e-02
 121.5000 1.2192e-02 1.0797e-02 1.3505e-02 1.1184e-02 1.3104e-02 1.2106e-02 1.2269e-02 1.1232e-02 1.3133e-02
 122.5000 1.1597e-02 1.0264e-02 1.2855e-02 1.0637e-02 1.2461e-02 1.1520e-02 1.1674e-02 1.0675e-02 1.2509e-02
 123.5000 1.1030e-02 9.7657e-03 1.2235e-02 1.0118e-02 1.1856e-02 1.0963e-02 1.1107e-02 1.0157e-02 1.1904e-02
 124.5000 1.0502e-02 9.2919e-03 1.1659e-02 9.6288e-03 1.1290e-02 1.0435e-02 1.0570e-02 9.6672e-03 1.1347e-02
 125.5000 1.0003e-02 8.8417e-03 1.1099e-02 9.1718e-03 1.0742e-02 9.9360e-03 1.0061e-02 9.1949e-03 1.0810e-02
 126.5000 9.5232e-03 8.4194e-03 1.0578e-02 8.7350e-03 1.0234e-02 9.4685e-03 9.5856e-03 8.7523e-03 1.0301e-02
 127.5000 9.0749e-03 8.0159e-03 1.0085e-02 8.3222e-03 9.7536e-03 9.0211e-03 9.1344e-03 8.3318e-03 9.8208e-03
 128.5000 8.6496e-03 7.6341e-03 9.6124e-03 7.9315e-03 9.2938e-03 8.5968e-03 8.7062e-03 7.9334e-03 9.3629e-03
 129.5000 8.2464e-03 7.2729e-03 9.1615e-03 7.5619e-03 8.8598e-03 8.1936e-03 8.3021e-03 7.5562e-03 8.9232e-03
 130.5000 7.8653e-03 6.9323e-03 8.7461e-03 7.2115e-03 8.4499e-03 7.8106e-03 7.9181e-03 7.2019e-03 8.5219e-03
 131.5000 7.5014e-03 6.6076e-03 8.3466e-03 6.8774e-03 8.0582e-03 7.4448e-03 7.5542e-03 6.8640e-03 8.1350e-03
 132.5000 7.1558e-03 6.3009e-03 7.9657e-03 6.5597e-03 7.6867e-03 7.1040e-03 7.2058e-03 6.5453e-03 7.7654e-03
 133.5000 6.8294e-03 6.0121e-03 7.6031e-03 6.2621e-03 7.3363e-03 6.7843e-03 6.8755e-03 6.2429e-03 7.4122e-03
 134.5000 6.5222e-03 5.7361e-03 7.2620e-03 5.9789e-03 7.0042e-03 6.4771e-03 6.5635e-03 5.9558e-03 7.0819e-03
 135.5000 6.2266e-03 5.4738e-03 6.9367e-03 5.7072e-03 6.6864e-03 6.1862e-03 6.2688e-03 5.6832e-03 6.7661e-03
 136.5000 5.9472e-03 5.2262e-03 6.6282e-03 5.4509e-03 6.3859e-03 5.9059e-03 5.9866e-03 5.4259e-03 6.4666e-03
 137.5000 5.6822e-03 4.9946e-03 6.3354e-03 5.2080e-03 6.1018e-03 5.6429e-03 5.7206e-03 5.1859e-03 6.1814e-03
 138.5000 5.4288e-03 4.7676e-03 6.0579e-03 4.9757e-03 5.8301e-03 5.3914e-03 5.4682e-03 4.9488e-03 5.9117e-03
 139.5000 5.1878e-03 4.5540e-03 5.7898e-03 4.7549e-03 5.5699e-03 5.1542e-03 5.2253e-03 4.7261e-03 5.6515e-03
 140.5000 4.9603e-03 4.3514e-03 5.5349e-03 4.5456e-03 5.3261e-03 4.9258e-03 4.9968e-03 4.5158e-03 5.4019e-03
 141.5000 4.7434e-03 4.1589e-03 5.2956e-03 4.3469e-03 5.0928e-03 4.7107e-03 4.7779e-03 4.3152e-03 5.1696e-03
 142.5000 4.5370e-03 3.9743e-03 5.0676e-03 4.1558e-03 4.8701e-03 4.5062e-03 4.5686e-03 4.1242e-03 4.9488e-03
 143.5000 4.3411e-03 3.8000e-03 4.8516e-03 3.9773e-03 4.6598e-03 4.3104e-03 4.3728e-03 3.9418e-03 4.7386e-03
 144.5000 4.1549e-03 3.6338e-03 4.6463e-03 3.8064e-03 4.4602e-03 4.1213e-03 4.1846e-03 3.7690e-03 4.5389e-03
 145.5000 3.9725e-03 3.4788e-03 4.4478e-03 3.6432e-03 4.2682e-03 3.9446e-03 4.0070e-03 3.6058e-03 4.3430e-03
 146.5000 3.8045e-03 3.3258e-03 4.2566e-03 3.4848e-03 4.0829e-03 3.7766e-03 3.8314e-03 3.4493e-03 4.1597e-03
 147.5000 3.6432e-03 3.1821e-03 4.0791e-03 3.3360e-03 3.9101e-03 3.6154e-03 3.6691e-03 3.3005e-03 3.9869e-03
 148.5000 3.4896e-03 3.0468e-03 3.9086e-03 3.1968e-03 3.7450e-03 3.4646e-03 3.5155e-03 3.1584e-03 3.8208e-03
 149.5000 3.3437e-03 2.9165e-03 3.7449e-03 3.0614e-03 3.5875e-03 3.3187e-03 3.3677e-03 3.0240e-03 3.6614e-03
 150.5000 3.2026e-03 2.7931e-03 3.5900e-03 2.9328e-03 3.4378e-03 3.1805e-03 3.2237e-03 2.8954e-03 3.5098e-03
 151.5000 3.0691e-03 2.6738e-03 3.4412e-03 2.8099e-03 3.2928e-03 3.0461e-03 3.0893e-03 2.7715e-03 3.3658e-03
 152.5000 2.9424e-03 2.5614e-03 3.2990e-03 2.6928e-03 3.1555e-03 2.9203e-03 2.9635e-03 2.6554e-03 3.2275e-03
 153.5000 2.8205e-03 2.4564e-03 3.1648e-03 2.5834e-03 3.0259e-03 2.8003e-03 2.8416e-03 2.5450e-03 3.0960e-03
 154.5000 2.7043e-03 2.3531e-03 3.0360e-03 2.4758e-03 2.9002e-03 2.6832e-03 2.7254e-03 2.4384e-03 2.9712e-03
 155.5000 2.5930e-03 2.2539e-03 2.9130e-03 2.3741e-03 2.7811e-03 2.5747e-03 2.6112e-03 2.3347e-03 2.8512e-03
 156.5000 2.4874e-03 2.1606e-03 2.7967e-03 2.2762e-03 2.6678e-03 2.4691e-03 2.5056e-03 2.2387e-03 2.7379e-03
 157.5000 2.3866e-03 2.0728e-03 2.6844e-03 2.1840e-03 2.5594e-03 2.3693e-03 2.4048e-03 2.1475e-03 2.6285e-03
 158.5000 2.2915e-03 1.9878e-03 2.5768e-03 2.0966e-03 2.4576e-03 2.2742e-03 2.3078e-03 2.0592e-03 2.5229e-03
 159.5000 2.1984e-03 1.9069e-03 2.4743e-03 2.0122e-03 2.3578e-03 2.1821e-03 2.2147e-03 1.9747e-03 2.4230e-03
 160.5000 2.1120e-03 1.8300e-03 2.3791e-03 1.9325e-03 2.2656e-03 2.0976e-03 2.1274e-03 1.8950e-03 2.3299e-03
 161.5000 2.0275e-03 1.7556e-03 2.2852e-03 1.8557e-03 2.1744e-03 2.0131e-03 2.0429e-03 1.8173e-03 2.2387e-03
 162.5000 1.9488e-03 1.6849e-03 2.1960e-03 1.7827e-03 2.0899e-03 1.9334e-03 1.9622e-03 1.7443e-03 2.1514e-03
 163.5000 1.8710e-03 1.6181e-03 2.1087e-03 1.7126e-03 2.0064e-03 1.8576e-03 1.8845e-03 1.6742e-03 2.0659e-03
 164.5000 1.7971e-03 1.5529e-03 2.0276e-03 1.6445e-03 1.9267e-03 1.7827e-03 1.8106e-03 1.6070e-03 1.9872e-03
 165.5000 1.7261e-03 1.4902e-03 1.9478e-03 1.5782e-03 1.8499e-03 1.7126e-03 1.7395e-03 1.5427e-03 1.9094e-03
 166.5000 1.6589e-03 1.4324e-03 1.8723e-03 1.5178e-03 1.7779e-03 1.6464e-03 1.6723e-03 1.4822e-03 1.8355e-03
 167.5000 1.5946e-03 1.3764e-03 1.8005e-03 1.4582e-03 1.7088e-03 1.5830e-03 1.6070e-03 1.4246e-03 1.7654e-03
 168.5000 1.5331e-03 1.3225e-03 1.7308e-03 1.4016e-03 1.6426e-03 1.5216e-03 1.5446e-03 1.3690e-03 1.6973e-03
 169.5000 1.4736e-03 1.2703e-03 1.6664e-03 1.3478e-03 1.5802e-03 1.4630e-03 1.4851e-03 1.3142e-03 1.6339e-03
 170.5000 1.4170e-03 1.2211e-03 1.6024e-03 1.2960e-03 1.5187e-03 1.4054e-03 1.4285e-03 1.2634e-03 1.5715e-03
 171.5000 1.3632e-03 1.1735e-03 1.5416e-03 1.2461e-03 1.4611e-03 1.3517e-03 1.3738e-03 1.2144e-03 1.5120e-03
 172.5000 1.3104e-03 1.1275e-03 1.4841e-03 1.1981e-03 1.4054e-03 1.3008e-03 1.3210e-03 1.1664e-03 1.4554e-03
 173.5000 1.2605e-03 1.0843e-03 1.4280e-03 1.1530e-03 1.3517e-03 1.2509e-03 1.2710e-03 1.1213e-03 1.4006e-03
 174.5000 1.2134e-03 1.0427e-03 1.3735e-03 1.1098e-03 1.2998e-03 1.2038e-03 1.2230e-03 1.0781e-03 1.3478e-03
 175.5000 1.1664e-03 1.0032e-03 1.3231e-03 1.0675e-03 1.2509e-03 1.1587e-03 1.1770e-03 1.0368e-03 1.2979e-03
 176.5000 1.1232e-03 9.6399e-04 1.2737e-03 1.0272e-03 1.2038e-03 1.1146e-03 1.1328e-03 9.9648e-04 1.2499e-03
 177.5000 1.0810e-03 9.2765e-04 1.2267e-03 9.8880e-04 1.1587e-03 1.0723e-03 1.0906e-03 9.5875e-04 1.2038e-03
 178.5000 1.0406e-03 8.9262e-04 1.1816e-03 9.5194e-04 1.1155e-03 1.0320e-03 1.0502e-03 9.2246e-04 1.1597e-03
 179.5000 1.0022e-03 8.5894e-04 1.1376e-03 9.1642e-04 1.0742e-03 9.9360e-04 1.0109e-03 8.8781e-04 1.1165e-03
 180.5000 9.6480e-04 8.2649e-04 1.0953e-03 8.8186e-04 1.0339e-03 9.5693e-04 9.7344e-04 8.5440e-04 1.0752e-03
 181.5000 9.2899e-04 7.9538e-04 1.0551e-03 8.4912e-04 9.9552e-04 9.2150e-04 9.3734e-04 8.2214e-04 1.0358e-03
 182.5000 8.9414e-04 7.6549e-04 1.0159e-03 8.1725e-04 9.5808e-04 8.8714e-04 9.0202e-04 7.9123e-04 9.9744e-04
 183.5000 8.6131e-04 7.3629e-04 9.7867e-04 7.8710e-04 9.2285e-04 8.5363e-04 8.6880e-04 7.6099e-04 9.6096e-04
 184.5000 8.2973e-04 7.0893e-04 9.4348e-04 7.5821e-04 8.8906e-04 8.2214e-04 8.3712e-04 7.3267e-04 9.2650e-04
 185.5000 7.9872e-04 6.8261e-04 9.0928e-04 7.3008e-04 8.5594e-04 7.9200e-04 8.0659e-04 7.0531e-04 8.9299e-04
 186.5000 7.6963e-04 6.5725e-04 8.7680e-04 7.0339e-04 8.2464e-04 7.6272e-04 7.7693e-04 6.7910e-04 8.6131e-04
 187.5000 7.4170e-04 6.3288e-04 8.4551e-04 6.7776e-04 7.9469e-04 7.3565e-04 7.4880e-04 6.5386e-04 8.3069e-04
 188.5000 7.1539e-04 6.0972e-04 8.1471e-04 6.5366e-04 7.6646e-04 7.0906e-04 7.2154e-04 6.2986e-04 8.0035e-04
 189.5000 6.8947e-04 5.8729e-04 7.8551e-04 6.2995e-04 7.3862e-04 6.8352e-04 6.9562e-04 6.0662e-04 7.7174e-04
 190.5000 6.6480e-04 5.6570e-04 7.5773e-04 6.0730e-04 7.1213e-04 6.5837e-04 6.7046e-04 5.8435e-04 7.4458e-04
 191.5000 6.4109e-04 5.4533e-04 7.3117e-04 5.8570e-04 6.8669e-04 6.3475e-04 6.4685e-04 5.6323e-04 7.1856e-04
 192.5000 6.1776e-04 5.2538e-04 7.0535e-04 5.6438e-04 6.6182e-04 6.1190e-04 6.2381e-04 5.4259e-04 6.9322e-04
 193.5000 5.9645e-04 5.0678e-04 6.8060e-04 5.4490e-04 6.3888e-04 5.9078e-04 6.0173e-04 5.2330e-04 6.6893e-04
 194.5000 5.7504e-04 4.8845e-04 6.5663e-04 5.2522e-04 6.1584e-04 5.7014e-04 5.8032e-04 5.0438e-04 6.4550e-04
 195.5000 5.5450e-04 4.7099e-04 6.3375e-04 5.0650e-04 5.9395e-04 5.4960e-04 5.5968e-04 4.8634e-04 6.2304e-04
 196.5000 5.3491e-04 4.5400e-04 6.1084e-04 4.8854e-04 5.7302e-04 5.3021e-04 5.4000e-04 4.6877e-04 6.0038e-04
 197.5000 5.1600e-04 4.3785e-04 5.8968e-04 4.7126e-04 5.5267e-04 5.1168e-04 5.2061e-04 4.5206e-04 5.7974e-04
 198.5000 4.9862e-04 4.2224e-04 5.7014e-04 4.5542e-04 5.3405e-04 4.9354e-04 5.0227e-04 4.3584e-04 5.6064e-04
 199.5000 4.8134e-04 4.0741e-04 5.5005e-04 4.3939e-04 5.1533e-04 4.7626e-04 4.8470e-04 4.2067e-04 5.4096e-04
 200.5000 4.6435e-04 3.9324e-04 5.3158e-04 4.2413e-04 4.9738e-04 4.5974e-04 4.6771e-04 4.0589e-04 5.2282e-04
 201.5000 4.4765e-04 3.7895e-04 5.1310e-04 4.0858e-04 4.7904e-04 4.4352e-04 4.5139e-04 3.9130e-04 5.0496e-04
 202.5000 4.3171e-04 3.6547e-04 4.9561e-04 3.9427e-04 4.6243e-04 4.2816e-04 4.3584e-04 3.7718e-04 4.8758e-04
 203.5000 4.1722e-04 3.5247e-04 4.7844e-04 3.8083e-04 4.4669e-04 4.1290e-04 4.2048e-04 3.6384e-04 4.7078e-04
 204.5000 4.0243e-04 3.4022e-04 4.6112e-04 3.6739e-04 4.3094e-04 3.9859e-04 4.0598e-04 3.5117e-04 4.5360e-04
 205.5000 3.8861e-04 3.2820e-04 4.4531e-04 3.5482e-04 4.1616e-04 3.8477e-04 3.9197e-04 3.3869e-04 4.3805e-04
 206.5000 3.7507e-04 3.1673e-04 4.3038e-04 3.4253e-04 4.0166e-04 3.7152e-04 3.7843e-04 3.2678e-04 4.2346e-04
 207.5000 3.6211e-04 3.0569e-04 4.1587e-04 3.3072e-04 3.8794e-04 3.5856e-04 3.6528e-04 3.1536e-04 4.0915e-04
 208.5000 3.4982e-04 2.9514e-04 4.0168e-04 3.1958e-04 3.7469e-04 3.4608e-04 3.5290e-04 3.0442e-04 3.9523e-04
 209.5000 3.3773e-04 2.8471e-04 3.8810e-04 3.0854e-04 3.6192e-04 3.3360e-04 3.4090e-04 2.9366e-04 3.8179e-04
 210.5000 3.2602e-04 2.7446e-04 3.7490e-04 2.9770e-04 3.4934e-04 3.2218e-04 3.2947e-04 2.8310e-04 3.6883e-04
 211.5000 3.1459e-04 2.6479e-04 3.6169e-04 2.8723e-04 3.3677e-04 3.1123e-04 3.1843e-04 2.7312e-04 3.5597e-04
 212.5000 3.0384e-04 2.5534e-04 3.4967e-04 2.7706e-04 3.2534e-04 3.0077e-04 3.0730e-04 2.6352e-04 3.4416e-04
 213.5000 2.9338e-04 2.4698e-04 3.3787e-04 2.6794e-04 3.1421e-04 2.9050e-04 2.9674e-04 2.5469e-04 3.3254e-04
 214.5000 2.8358e-04 2.3811e-04 3.2642e-04 2.5882e-04 3.0365e-04 2.8051e-04 2.8656e-04 2.4557e-04 3.2131e-04
 215.5000 2.7398e-04 2.3007e-04 3.1544e-04 2.4998e-04 2.9328e-04 2.7120e-04 2.7686e-04 2.3731e-04 3.1056e-04
 216.5000 2.6477e-04 2.2238e-04 3.0498e-04 2.4163e-04 2.8339e-04 2.6218e-04 2.6765e-04 2.2934e-04 3.0029e-04
 217.5000 2.5584e-04 2.1475e-04 2.9493e-04 2.3347e-04 2.7389e-04 2.5315e-04 2.5862e-04 2.2147e-04 2.9040e-04
 218.5000 2.4720e-04 2.0719e-04 2.8478e-04 2.2550e-04 2.6458e-04 2.4451e-04 2.4989e-04 2.1370e-04 2.8042e-04
 219.5000 2.3894e-04 2.0024e-04 2.7556e-04 2.1802e-04 2.5584e-04 2.3626e-04 2.4182e-04 2.0650e-04 2.7130e-04
 220.5000 2.3098e-04 1.9350e-04 2.6645e-04 2.1082e-04 2.4730e-04 2.2838e-04 2.3357e-04 1.9949e-04 2.6237e-04
 221.5000 2.2330e-04 1.8696e-04 2.5757e-04 2.0362e-04 2.3904e-04 2.2070e-04 2.2579e-04 1.9286e-04 2.5363e-04
 222.5000 2.1571e-04 1.8069e-04 2.4921e-04 1.9680e-04 2.3088e-04 2.1331e-04 2.1830e-04 1.8634e-04 2.4547e-04
 223.5000 2.0851e-04 1.7459e-04 2.4067e-04 1.9027e-04 2.2320e-04 2.0621e-04 2.1091e-04 1.8000e-04 2.3702e-04
 224.5000 2.0160e-04 1.6858e-04 2.3235e-04 1.8394e-04 2.1581e-04 1.9872e-04 2.0390e-04 1.7386e-04 2.2877e-04
 225.5000 1.9450e-04 1.6290e-04 2.2472e-04 1.7741e-04 2.0822e-04 1.9248e-04 1.9728e-04 1.6800e-04 2.2128e-04
 226.5000 1.8787e-04 1.5714e-04 2.1716e-04 1.7136e-04 2.0112e-04 1.8566e-04 1.9018e-04 1.6205e-04 2.1389e-04
 227.5000 1.8163e-04 1.5192e-04 2.1000e-04 1.6579e-04 1.9440e-04 1.7962e-04 1.8374e-04 1.5658e-04 2.0688e-04
 228.5000 1.7568e-04 1.4674e-04 2.0324e-04 1.6022e-04 1.8797e-04 1.7366e-04 1.7779e-04 1.5130e-04 2.0026e-04
 229.5000 1.6992e-04 1.4180e-04 1.9644e-04 1.5494e-04 1.8182e-04 1.6790e-04 1.7184e-04 1.4621e-04 1.9354e-04
 230.5000 1.6454e-04 1.3758e-04 1.9047e-04 1.5034e-04 1.7606e-04 1.6272e-04 1.6656e-04 1.4170e-04 1.8768e-04
 231.5000 1.5926e-04 1.3275e-04 1.8440e-04 1.4515e-04 1.7059e-04 1.5744e-04 1.6109e-04 1.3690e-04 1.8163e-04
 232.5000 1.5408e-04 1.2851e-04 1.7789e-04 1.4054e-04 1.6474e-04 1.5206e-04 1.5590e-04 1.3248e-04 1.7530e-04
 233.5000 1.4870e-04 1.2425e-04 1.7223e-04 1.3584e-04 1.5926e-04 1.4707e-04 1.5072e-04 1.2797e-04 1.6963e-04
 234.5000 1.4390e-04 1.1992e-04 1.6655e-04 1.3133e-04 1.5408e-04 1.4227e-04 1.4563e-04 1.2355e-04 1.6406e-04
 235.5000 1.3910e-04 1.1584e-04 1.6117e-04 1.2682e-04 1.4890e-04 1.3738e-04 1.4102e-04 1.1942e-04 1.5878e-04
 236.5000 1.3459e-04 1.1204e-04 1.5600e-04 1.2278e-04 1.4410e-04 1.3258e-04 1.3632e-04 1.1549e-04 1.5370e-04
 237.5000 1.3018e-04 1.0832e-04 1.5103e-04 1.1875e-04 1.3939e-04 1.2826e-04 1.3190e-04 1.1165e-04 1.4880e-04
 238.5000 1.2595e-04 1.0467e-04 1.4603e-04 1.1482e-04 1.3478e-04 1.2413e-04 1.2768e-04 1.0790e-04 1.4390e-04
 239.5000 1.2182e-04 1.0124e-04 1.4148e-04 1.1107e-04 1.3046e-04 1.2010e-04 1.2355e-04 1.0435e-04 1.3939e-04
 240.5000 1.1789e-04 9.7826e-05 1.3694e-04 1.0752e-04 1.2614e-04 1.1616e-04 1.1962e-04 1.0080e-04 1.3498e-04
 241.5000 1.1405e-04 9.4623e-05 1.3244e-04 1.0406e-04 1.2202e-04 1.1270e-04 1.1549e-04 9.7440e-05 1.3056e-04
 242.5000 1.1040e-04 9.1599e-05 1.2818e-04 1.0070e-04 1.1818e-04 1.0906e-04 1.1174e-04 9.4349e-05 1.2634e-04
 243.5000 1.0675e-04 8.8420e-05 1.2407e-04 9.7248e-05 1.1424e-04 1.0531e-04 1.0819e-04 9.1142e-05 1.2230e-04
 244.5000 1.0310e-04 8.5584e-05 1.2019e-04 9.3955e-05 1.1040e-04 1.0186e-04 1.0474e-04 8.8214e-05 1.1846e-04
 245.5000 9.9840e-05 8.2833e-05 1.1627e-04 9.1066e-05 1.0685e-04 9.8592e-05 1.0138e-04 8.5325e-05 1.1462e-04
 246.5000 9.6576e-05 8.0067e-05 1.1255e-04 8.8080e-05 1.0330e-04 9.5251e-05 9.8208e-05 8.2483e-05 1.1098e-04
 247.5000 9.3398e-05 7.7480e-05 1.0904e-04 8.5219e-05 9.9936e-05 9.2314e-05 9.5011e-05 7.9786e-05 1.0752e-04
 248.5000 9.0499e-05 7.4916e-05 1.0547e-04 8.2474e-05 9.6864e-05 8.9318e-05 9.1958e-05 7.7194e-05 1.0397e-04
 249.5000 8.7581e-05 7.2491e-05 1.0215e-04 7.9843e-05 9.3754e-05 8.6410e-05 8.8954e-05 7.4678e-05 1.0070e-04
 250.5000 8.4797e-05 7.0047e-05 9.8909e-05 7.7222e-05 9.0739e-05 8.3549e-05 8.6045e-05 7.2202e-05 9.7536e-05
 251.5000 8.2022e-05 6.7803e-05 9.5652e-05 7.4765e-05 8.7782e-05 8.0861e-05 8.3184e-05 6.9850e-05 9.4320e-05
 252.5000 7.9190e-05 6.5648e-05 9.2549e-05 7.2221e-05 8.4835e-05 7.8182e-05 8.0563e-05 6.7622e-05 9.1219e-05
 253.5000 7.6694e-05 6.3294e-05 8.9588e-05 6.9869e-05 8.2099e-05 7.5725e-05 7.7981e-05 6.5203e-05 8.8330e-05
 254.5000 7.4342e-05 6.1271e-05 8.6818e-05 6.7718e-05 7.9555e-05 7.3325e-05 7.5456e-05 6.3120e-05 8.5622e-05
 255.5000 7.1971e-05 5.9296e-05 8.4056e-05 6.5616e-05 7.7030e-05 7.0906e-05 7.3018e-05 6.1056e-05 8.2896e-05
 256.5000 6.9629e-05 5.7404e-05 8.1238e-05 6.3523e-05 7.4592e-05 6.8698e-05 7.0646e-05 5.9078e-05 8.0074e-05
 257.5000 6.7296e-05 5.5501e-05 7.8708e-05 6.1344e-05 7.2010e-05 6.6442e-05 6.8438e-05 5.7149e-05 7.7626e-05
 258.5000 6.5270e-05 5.3724e-05 7.6219e-05 5.9510e-05 6.9840e-05 6.4349e-05 6.6288e-05 5.5306e-05 7.5168e-05
 259.5000 6.3245e-05 5.1921e-05 7.3805e-05 5.7562e-05 6.7613e-05 6.2256e-05 6.4253e-05 5.3501e-05 7.2806e-05
 260.5000 6.1162e-05 5.0356e-05 7.1564e-05 5.5718e-05 6.5472e-05 6.0278e-05 6.2218e-05 5.1869e-05 7.0570e-05
 261.5000 5.9261e-05 4.8683e-05 6.9258e-05 5.3971e-05 6.3398e-05 5.8310e-05 6.0096e-05 5.0150e-05 6.8323e-05
 262.5000 5.7322e-05 4.6808e-05 6.7052e-05 5.2243e-05 6.1344e-05 5.6390e-05 5.8234e-05 4.8163e-05 6.6134e-05
 263.5000 5.5459e-05 4.5387e-05 6.4827e-05 5.0506e-05 5.9366e-05 5.4586e-05 5.6352e-05 4.6733e-05 6.3926e-05
 264.5000 5.3702e-05 4.4097e-05 6.2846e-05 4.8931e-05 5.7437e-05 5.2867e-05 5.4634e-05 4.5408e-05 6.1997e-05
 265.5000 5.2022e-05 4.2669e-05 6.0902e-05 4.7366e-05 5.5670e-05 5.1235e-05 5.2925e-05 4.3949e-05 6.0067e-05
 266.5000 5.0323e-05 4.1263e-05 5.8999e-05 4.5850e-05 5.3837e-05 4.9574e-05 5.1034e-05 4.2480e-05 5.8224e-05
 267.5000 4.8730e-05 3.9988e-05 5.7026e-05 4.4400e-05 5.2157e-05 4.7962e-05 4.9498e-05 4.1174e-05 5.6246e-05
 268.5000 4.7155e-05 3.8751e-05 5.5302e-05 4.2979e-05 5.0467e-05 4.6435e-05 4.7942e-05 3.9898e-05 5.4557e-05
 269.5000 4.5706e-05 3.7443e-05 5.3517e-05 4.1635e-05 4.8922e-05 4.4966e-05 4.6397e-05 3.8554e-05 5.2790e-05
 270.5000 4.4208e-05 3.6232e-05 5.1854e-05 4.0291e-05 4.7338e-05 4.3498e-05 4.4909e-05 3.7296e-05 5.1149e-05
 271.5000 4.2874e-05 3.5072e-05 4.9932e-05 3.9110e-05 4.5888e-05 4.1923e-05 4.3555e-05 3.6106e-05 4.9219e-05
 272.5000 4.1174e-05 3.3916e-05 4.8338e-05 3.7526e-05 4.4064e-05 4.0608e-05 4.1952e-05 3.4925e-05 4.7683e-05
 273.5000 3.9898e-05 3.2650e-05 4.6834e-05 3.6346e-05 4.2720e-05 3.9293e-05 4.0598e-05 3.3610e-05 4.6195e-05
 274.5000 3.8611e-05 3.1583e-05 4.5416e-05 3.5184e-05 4.1338e-05 3.8006e-05 3.9341e-05 3.2506e-05 4.4803e-05
 275.5000 3.7622e-05 3.0761e-05 4.4263e-05 3.4272e-05 4.0320e-05 3.6970e-05 3.8314e-05 3.1670e-05 4.3651e-05
 276.5000 3.6413e-05 2.9779e-05 4.2799e-05 3.3197e-05 3.8986e-05 3.5712e-05 3.7152e-05 3.0653e-05 4.2211e-05
 277.5000 3.5213e-05 2.8787e-05 4.1454e-05 3.2074e-05 3.7661e-05 3.4637e-05 3.5952e-05 2.9635e-05 4.0906e-05
 278.5000 3.4128e-05 2.7862e-05 4.0072e-05 3.1075e-05 3.6538e-05 3.3562e-05 3.4771e-05 2.8685e-05 3.9523e-05
 279.5000 3.3014e-05 2.6940e-05 3.8803e-05 3.0067e-05 3.5338e-05 3.2534e-05 3.3677e-05 2.7725e-05 3.8275e-05
 280.5000 3.1958e-05 2.6077e-05 3.7546e-05 2.9098e-05 3.4205e-05 3.1478e-05 3.2582e-05 2.6842e-05 3.7037e-05
 281.5000 3.0950e-05 2.5222e-05 3.6404e-05 2.8166e-05 3.3130e-05 3.0461e-05 3.1546e-05 2.5968e-05 3.5914e-05
 282.5000 2.9962e-05 2.4421e-05 3.5241e-05 2.7293e-05 3.2064e-05 2.9453e-05 3.0528e-05 2.5133e-05 3.4771e-05
 283.5000 2.9002e-05 2.3630e-05 3.4163e-05 2.6419e-05 3.1066e-05 2.8512e-05 2.9587e-05 2.4317e-05 3.3696e-05
 284.5000 2.8099e-05 2.2837e-05 3.3085e-05 2.5565e-05 3.0067e-05 2.7475e-05 2.8627e-05 2.3530e-05 3.2650e-05
 285.5000 2.7216e-05 2.2127e-05 3.1884e-05 2.4787e-05 2.9136e-05 2.6640e-05 2.7725e-05 2.2781e-05 3.1440e-05
 286.5000 2.6333e-05 2.1398e-05 3.0769e-05 2.3990e-05 2.8195e-05 2.5795e-05 2.6842e-05 2.2022e-05 3.0326e-05
 287.5000 2.5277e-05 2.0553e-05 2.9880e-05 2.3021e-05 2.7062e-05 2.4950e-05 2.5766e-05 2.1139e-05 2.9491e-05
 288.5000 2.4528e-05 1.9893e-05 2.8976e-05 2.2330e-05 2.6304e-05 2.4125e-05 2.4998e-05 2.0467e-05 2.8579e-05
 289.5000 2.3798e-05 1.9295e-05 2.8018e-05 2.1648e-05 2.5459e-05 2.3395e-05 2.4192e-05 1.9862e-05 2.7658e-05
 290.5000 2.3030e-05 1.8756e-05 2.7159e-05 2.0986e-05 2.4662e-05 2.2646e-05 2.3501e-05 1.9296e-05 2.6794e-05
 291.5000 2.2330e-05 1.8117e-05 2.6367e-05 2.0342e-05 2.3914e-05 2.1955e-05 2.2781e-05 1.8634e-05 2.6016e-05
 292.5000 2.1629e-05 1.7584e-05 2.5512e-05 1.9699e-05 2.3165e-05 2.1235e-05 2.2042e-05 1.8096e-05 2.5171e-05
 293.5000 2.0928e-05 1.7025e-05 2.4719e-05 1.9066e-05 2.2406e-05 2.0544e-05 2.1350e-05 1.7520e-05 2.4394e-05
 294.5000 2.0304e-05 1.6455e-05 2.3933e-05 1.8470e-05 2.1734e-05 1.9901e-05 2.0698e-05 1.6944e-05 2.3616e-05
 295.5000 1.9680e-05 1.5909e-05 2.3178e-05 1.7904e-05 2.1053e-05 1.9277e-05 2.0045e-05 1.6378e-05 2.2877e-05
 296.5000 1.9008e-05 1.5396e-05 2.2447e-05 1.7309e-05 2.0352e-05 1.8653e-05 1.9411e-05 1.5840e-05 2.2147e-05
 297.5000 1.8413e-05 1.4928e-05 2.1771e-05 1.6771e-05 1.9718e-05 1.8058e-05 1.8778e-05 1.5360e-05 2.1485e-05
 298.5000 1.7837e-05 1.4407e-05 2.1072e-05 1.6195e-05 1.9085e-05 1.7443e-05 1.8163e-05 1.4851e-05 2.0803e-05
 299.5000 1.7232e-05 1.3956e-05 2.0393e-05 1.5686e-05 1.8461e-05 1.6906e-05 1.7597e-05 1.4362e-05 2.0122e-05
