# FONLL heavy quark hadroproduction cross section, calculated on Fri Aug 23 01:32:06 CEST 2019
# FONLL version and perturbative order: ## FONLL v1.3.2 fonll [ds/dpt^2dy (pb/GeV^2)]
# quark = bottom
# final state = lepton. NP params (cm,lm,hm) = 24.2, 26.7, 22.2
# BR(q->meson) = 1
# BR(meson->lepton) = 0.1086
# ebeam1 = 6500, ebeam2 = 6500
# PDF set = CTEQ6.6
# ptmin = 0.5
# ptmax = 299.5
# etamin = -1
# etamax = 1
# Uncertainties from scales, masses, PDFs combined quadratically
# cross section is ds/dpt (pb/GeV)
# pt      central      min       max       min_sc     max_sc     min_mass   max_mass     min_pdf    max_pdf
   0.5000 5.0670e+06 2.8453e+06 7.4559e+06 3.0417e+06 7.2146e+06 4.3964e+06 5.8957e+06 4.4470e+06 5.7059e+06
   1.5000 4.6822e+06 2.5649e+06 6.9142e+06 2.7538e+06 6.6780e+06 4.0443e+06 5.4676e+06 4.0844e+06 5.3000e+06
   2.5000 2.2499e+06 1.3460e+06 3.2589e+06 1.4254e+06 3.1756e+06 1.9842e+06 2.5598e+06 1.9916e+06 2.5050e+06
   3.5000 1.0517e+06 6.8256e+05 1.4993e+06 7.1482e+05 1.4729e+06 9.4539e+05 1.1650e+06 9.4455e+05 1.1524e+06
   4.5000 5.2262e+05 3.6457e+05 7.3471e+05 3.7755e+05 7.2399e+05 4.7929e+05 5.7196e+05 4.7728e+05 5.6732e+05
   5.5000 2.7960e+05 2.0467e+05 3.8748e+05 2.1076e+05 3.8292e+05 2.5989e+05 3.0153e+05 2.5757e+05 3.0153e+05
   6.5000 1.5973e+05 1.2033e+05 2.1705e+05 1.2356e+05 2.1487e+05 1.4961e+05 1.7016e+05 1.4781e+05 1.7143e+05
   7.5000 9.6142e+04 7.3695e+04 1.2849e+05 7.5330e+04 1.2736e+05 9.0849e+04 1.0168e+05 8.9605e+04 1.0258e+05
   8.5000 6.0601e+04 4.7052e+04 7.9743e+04 4.7992e+04 7.9104e+04 5.7639e+04 6.3733e+04 5.6627e+04 6.4376e+04
   9.5000 3.9768e+04 3.1245e+04 5.1676e+04 3.1829e+04 5.1271e+04 3.7902e+04 4.1624e+04 3.7291e+04 4.2225e+04
  10.5000 2.6853e+04 2.1304e+04 3.4425e+04 2.1666e+04 3.4159e+04 2.5736e+04 2.8044e+04 2.5230e+04 2.8445e+04
  11.5000 1.8672e+04 1.4952e+04 2.3692e+04 1.5182e+04 2.3522e+04 1.7965e+04 1.9399e+04 1.7596e+04 1.9747e+04
  12.5000 1.3295e+04 1.0732e+04 1.6690e+04 1.0891e+04 1.6574e+04 1.2831e+04 1.3759e+04 1.2536e+04 1.4043e+04
  13.5000 9.6500e+03 7.8485e+03 1.2008e+04 7.9610e+03 1.1924e+04 9.3390e+03 9.9610e+03 9.1060e+03 1.0188e+04
  14.5000 7.1355e+03 5.8447e+03 8.8034e+03 5.9252e+03 8.7423e+03 6.9194e+03 7.3527e+03 6.7423e+03 7.5267e+03
  15.5000 5.3590e+03 4.4207e+03 6.5601e+03 4.4787e+03 6.5145e+03 5.2125e+03 5.5119e+03 5.0691e+03 5.6489e+03
  16.5000 4.0823e+03 3.3835e+03 4.9721e+03 3.4275e+03 4.9373e+03 3.9747e+03 4.1930e+03 3.8630e+03 4.3026e+03
  17.5000 3.1534e+03 2.6248e+03 3.8104e+03 2.6579e+03 3.7839e+03 3.0775e+03 3.2314e+03 2.9858e+03 3.3211e+03
  18.5000 2.4618e+03 2.0589e+03 2.9558e+03 2.0844e+03 2.9352e+03 2.4091e+03 2.5177e+03 2.3311e+03 2.5915e+03
  19.5000 1.9431e+03 1.6330e+03 2.3221e+03 1.6532e+03 2.3058e+03 1.9030e+03 1.9863e+03 1.8408e+03 2.0443e+03
  20.5000 1.5498e+03 1.3075e+03 1.8403e+03 1.3232e+03 1.8271e+03 1.5192e+03 1.5825e+03 1.4697e+03 1.6300e+03
  21.5000 1.2462e+03 1.0544e+03 1.4731e+03 1.0670e+03 1.4623e+03 1.2230e+03 1.2715e+03 1.1819e+03 1.3105e+03
  22.5000 1.0118e+03 8.5889e+02 1.1916e+03 8.6927e+02 1.1829e+03 9.9294e+02 1.0302e+03 9.5973e+02 1.0638e+03
  23.5000 8.2678e+02 7.0436e+02 9.6949e+02 7.1271e+02 9.6237e+02 8.1276e+02 8.4102e+02 7.8461e+02 8.6896e+02
  24.5000 6.7992e+02 5.8087e+02 7.9510e+02 5.8777e+02 7.8915e+02 6.6948e+02 6.9141e+02 6.4513e+02 7.1461e+02
  25.5000 5.6342e+02 4.8280e+02 6.5606e+02 4.8846e+02 6.5103e+02 5.5541e+02 5.7259e+02 5.3485e+02 5.9210e+02
  26.5000 4.7011e+02 4.0368e+02 5.4549e+02 4.0844e+02 5.4128e+02 4.6326e+02 4.7718e+02 4.4639e+02 4.9394e+02
  27.5000 3.9420e+02 3.3926e+02 4.5609e+02 3.4328e+02 4.5251e+02 3.8851e+02 4.0032e+02 3.7438e+02 4.1402e+02
  28.5000 3.3232e+02 2.8665e+02 3.8341e+02 2.9004e+02 3.8039e+02 3.2778e+02 3.3695e+02 3.1566e+02 3.4897e+02
  29.5000 2.8181e+02 2.4358e+02 3.2410e+02 2.4650e+02 3.2156e+02 2.7791e+02 2.8519e+02 2.6769e+02 2.9584e+02
  30.5000 2.3996e+02 2.0787e+02 2.7534e+02 2.1033e+02 2.7317e+02 2.3680e+02 2.4259e+02 2.2805e+02 2.5187e+02
  31.5000 2.0517e+02 1.7795e+02 2.3490e+02 1.8007e+02 2.3300e+02 2.0264e+02 2.0738e+02 1.9494e+02 2.1539e+02
  32.5000 1.7607e+02 1.5306e+02 2.0124e+02 1.5488e+02 1.9958e+02 1.7417e+02 1.7807e+02 1.6732e+02 1.8482e+02
  33.5000 1.5182e+02 1.3208e+02 1.7307e+02 1.3369e+02 1.7164e+02 1.5003e+02 1.5340e+02 1.4423e+02 1.5931e+02
  34.5000 1.3137e+02 1.1452e+02 1.4952e+02 1.1587e+02 1.4824e+02 1.2989e+02 1.3284e+02 1.2494e+02 1.3790e+02
  35.5000 1.1408e+02 9.9608e+01 1.2961e+02 1.0078e+02 1.2852e+02 1.1292e+02 1.1523e+02 1.0849e+02 1.1966e+02
  36.5000 9.9421e+01 8.6937e+01 1.1272e+02 8.7960e+01 1.1176e+02 9.8377e+01 1.0047e+02 9.4582e+01 1.0429e+02
  37.5000 8.6927e+01 7.6116e+01 9.8411e+01 7.7017e+01 9.7565e+01 8.6042e+01 8.7844e+01 8.2700e+01 9.1155e+01
  38.5000 7.6247e+01 6.6836e+01 8.6219e+01 6.7623e+01 8.5472e+01 7.5488e+01 7.6996e+01 7.2557e+01 7.9958e+01
  39.5000 6.7096e+01 5.8895e+01 7.5706e+01 5.9589e+01 7.5056e+01 6.6442e+01 6.7707e+01 6.3859e+01 7.0322e+01
  40.5000 5.9220e+01 5.2033e+01 6.6722e+01 5.2652e+01 6.6157e+01 5.8630e+01 5.9695e+01 5.6363e+01 6.2035e+01
  41.5000 5.2357e+01 4.6047e+01 5.8929e+01 4.6600e+01 5.8408e+01 5.1840e+01 5.2831e+01 4.9826e+01 5.4877e+01
  42.5000 4.6421e+01 4.0898e+01 5.2192e+01 4.1381e+01 5.1724e+01 4.5968e+01 4.6853e+01 4.4207e+01 4.8656e+01
  43.5000 4.1244e+01 3.6358e+01 4.6327e+01 3.6785e+01 4.5915e+01 4.0865e+01 4.1603e+01 3.9283e+01 4.3216e+01
  44.5000 3.6753e+01 3.2443e+01 4.1223e+01 3.2820e+01 4.0854e+01 3.6405e+01 3.7069e+01 3.5024e+01 3.8503e+01
  45.5000 3.2820e+01 2.8990e+01 3.6751e+01 2.9331e+01 3.6416e+01 3.2515e+01 3.3116e+01 3.1271e+01 3.4381e+01
  46.5000 2.9352e+01 2.5949e+01 3.2856e+01 2.6252e+01 3.2557e+01 2.9099e+01 2.9615e+01 2.7971e+01 3.0744e+01
  47.5000 2.6326e+01 2.3291e+01 2.9441e+01 2.3564e+01 2.9173e+01 2.6084e+01 2.6558e+01 2.5092e+01 2.7570e+01
  48.5000 2.3648e+01 2.0931e+01 2.6421e+01 2.1181e+01 2.6178e+01 2.3437e+01 2.3848e+01 2.2530e+01 2.4766e+01
  49.5000 2.1286e+01 1.8863e+01 2.3756e+01 1.9083e+01 2.3543e+01 2.1097e+01 2.1455e+01 2.0295e+01 2.2277e+01
  50.5000 1.9199e+01 1.7027e+01 2.1409e+01 1.7227e+01 2.1213e+01 1.9030e+01 1.9357e+01 1.8303e+01 2.0095e+01
  51.5000 1.7354e+01 1.5390e+01 1.9326e+01 1.5572e+01 1.9146e+01 1.7206e+01 1.7491e+01 1.6542e+01 1.8166e+01
  52.5000 1.5699e+01 1.3944e+01 1.7473e+01 1.4107e+01 1.7312e+01 1.5572e+01 1.5825e+01 1.4971e+01 1.6426e+01
  53.5000 1.4233e+01 1.2649e+01 1.5832e+01 1.2799e+01 1.5688e+01 1.4117e+01 1.4349e+01 1.3569e+01 1.4887e+01
  54.5000 1.2926e+01 1.1493e+01 1.4368e+01 1.1629e+01 1.4233e+01 1.2820e+01 1.3031e+01 1.2325e+01 1.3527e+01
  55.5000 1.1755e+01 1.0450e+01 1.3056e+01 1.0575e+01 1.2936e+01 1.1661e+01 1.1850e+01 1.1207e+01 1.2293e+01
  56.5000 1.0701e+01 9.5284e+00 1.1879e+01 9.6405e+00 1.1766e+01 1.0617e+01 1.0786e+01 1.0208e+01 1.1197e+01
  57.5000 9.7618e+00 8.6944e+00 1.0825e+01 8.7971e+00 1.0722e+01 9.6838e+00 9.8345e+00 9.3116e+00 1.0213e+01
  58.5000 8.9152e+00 7.9458e+00 9.8813e+00 8.0401e+00 9.7871e+00 8.8456e+00 8.9784e+00 8.5040e+00 9.3264e+00
  59.5000 8.1519e+00 7.2697e+00 9.0287e+00 7.3559e+00 8.9405e+00 8.0907e+00 8.2120e+00 7.7765e+00 8.5304e+00
  60.5000 7.4623e+00 6.6612e+00 8.2610e+00 6.7391e+00 8.1814e+00 7.4096e+00 7.5203e+00 7.1218e+00 7.8050e+00
  61.5000 6.8424e+00 6.1079e+00 7.5714e+00 6.1793e+00 7.4982e+00 6.7939e+00 6.8941e+00 6.5304e+00 7.1566e+00
  62.5000 6.2815e+00 5.6100e+00 6.9476e+00 5.6753e+00 6.8804e+00 6.2383e+00 6.3290e+00 5.9958e+00 6.5694e+00
  63.5000 5.7734e+00 5.1584e+00 6.3818e+00 5.2188e+00 6.3195e+00 5.7312e+00 5.8176e+00 5.5108e+00 6.0380e+00
  64.5000 5.3126e+00 4.7474e+00 5.8699e+00 4.8045e+00 5.8124e+00 5.2747e+00 5.3516e+00 5.0680e+00 5.5562e+00
  65.5000 4.8941e+00 4.3767e+00 5.4051e+00 4.4291e+00 5.3516e+00 4.8614e+00 4.9310e+00 4.6695e+00 5.1186e+00
  66.5000 4.5145e+00 4.0378e+00 4.9833e+00 4.0865e+00 4.9341e+00 4.4840e+00 4.5461e+00 4.3068e+00 4.7212e+00
  67.5000 4.1677e+00 3.7292e+00 4.5982e+00 3.7744e+00 4.5525e+00 4.1402e+00 4.1972e+00 3.9758e+00 4.3585e+00
  68.5000 3.8514e+00 3.4479e+00 4.2483e+00 3.4897e+00 4.2056e+00 3.8261e+00 3.8777e+00 3.6742e+00 4.0285e+00
  69.5000 3.5625e+00 3.1905e+00 3.9278e+00 3.2293e+00 3.8883e+00 3.5372e+00 3.5867e+00 3.3991e+00 3.7259e+00
  70.5000 3.2989e+00 2.9549e+00 3.6348e+00 2.9911e+00 3.5983e+00 3.2757e+00 3.3200e+00 3.1471e+00 3.4497e+00
  71.5000 3.0575e+00 2.7389e+00 3.3679e+00 2.7728e+00 3.3337e+00 3.0353e+00 3.0775e+00 2.9162e+00 3.1977e+00
  72.5000 2.8361e+00 2.5421e+00 3.1228e+00 2.5736e+00 3.0912e+00 2.8160e+00 2.8540e+00 2.7053e+00 2.9657e+00
  73.5000 2.6337e+00 2.3605e+00 2.8987e+00 2.3901e+00 2.8688e+00 2.6147e+00 2.6505e+00 2.5114e+00 2.7549e+00
  74.5000 2.4470e+00 2.1942e+00 2.6924e+00 2.2214e+00 2.6642e+00 2.4302e+00 2.4639e+00 2.3342e+00 2.5598e+00
  75.5000 2.2752e+00 2.0423e+00 2.5040e+00 2.0675e+00 2.4776e+00 2.2604e+00 2.2921e+00 2.1708e+00 2.3806e+00
  76.5000 2.1181e+00 1.9012e+00 2.3308e+00 1.9252e+00 2.3058e+00 2.1044e+00 2.1328e+00 2.0200e+00 2.2172e+00
  77.5000 1.9737e+00 1.7718e+00 2.1713e+00 1.7944e+00 2.1476e+00 1.9600e+00 1.9874e+00 1.8819e+00 2.0664e+00
  78.5000 1.8408e+00 1.6518e+00 2.0227e+00 1.6732e+00 2.0011e+00 1.8282e+00 1.8514e+00 1.7544e+00 1.9262e+00
  79.5000 1.7175e+00 1.5426e+00 1.8876e+00 1.5625e+00 1.8672e+00 1.7059e+00 1.7280e+00 1.6373e+00 1.7976e+00
  80.5000 1.6036e+00 1.4406e+00 1.7625e+00 1.4592e+00 1.7428e+00 1.5941e+00 1.6141e+00 1.5287e+00 1.6795e+00
  81.5000 1.4982e+00 1.3470e+00 1.6461e+00 1.3643e+00 1.6278e+00 1.4897e+00 1.5076e+00 1.4286e+00 1.5688e+00
  82.5000 1.4012e+00 1.2594e+00 1.5388e+00 1.2757e+00 1.5214e+00 1.3927e+00 1.4107e+00 1.3358e+00 1.4676e+00
  83.5000 1.3115e+00 1.1788e+00 1.4397e+00 1.1945e+00 1.4233e+00 1.3031e+00 1.3200e+00 1.2493e+00 1.3738e+00
  84.5000 1.2283e+00 1.1040e+00 1.3480e+00 1.1186e+00 1.3326e+00 1.2209e+00 1.2367e+00 1.1703e+00 1.2862e+00
  85.5000 1.1502e+00 1.0349e+00 1.2629e+00 1.0484e+00 1.2483e+00 1.1439e+00 1.1587e+00 1.0965e+00 1.2051e+00
  86.5000 1.0785e+00 9.7012e-01 1.1841e+00 9.8314e-01 1.1703e+00 1.0722e+00 1.0859e+00 1.0274e+00 1.1302e+00
  87.5000 1.0121e+00 9.1022e-01 1.1106e+00 9.2262e-01 1.0975e+00 1.0064e+00 1.0193e+00 9.6374e-01 1.0606e+00
  88.5000 9.5024e-01 8.5465e-01 1.0428e+00 8.6643e-01 1.0304e+00 9.4497e-01 9.5699e-01 9.0459e-01 9.9611e-01
  89.5000 8.9278e-01 8.0299e-01 9.7949e-01 8.1424e-01 9.6775e-01 8.8772e-01 8.9900e-01 8.4956e-01 9.3590e-01
  90.5000 8.3922e-01 7.5485e-01 9.2060e-01 7.6553e-01 9.0944e-01 8.3448e-01 8.4513e-01 7.9842e-01 8.7992e-01
  91.5000 7.8936e-01 7.1003e-01 8.6574e-01 7.2019e-01 8.5515e-01 7.8493e-01 7.9442e-01 7.5077e-01 8.2784e-01
  92.5000 7.4286e-01 6.6831e-01 8.1482e-01 6.7792e-01 8.0464e-01 7.3864e-01 7.4834e-01 7.0649e-01 7.7934e-01
  93.5000 6.9953e-01 6.2941e-01 7.6714e-01 6.3859e-01 7.5752e-01 6.9563e-01 7.0396e-01 6.6505e-01 7.3401e-01
  94.5000 6.5904e-01 5.9305e-01 7.2264e-01 6.0180e-01 7.1345e-01 6.5504e-01 6.6316e-01 6.2647e-01 6.9173e-01
  95.5000 6.2119e-01 5.5907e-01 6.8126e-01 5.6743e-01 6.7243e-01 6.1750e-01 6.2510e-01 5.9030e-01 6.5230e-01
  96.5000 5.8588e-01 5.2735e-01 6.4245e-01 5.3527e-01 6.3406e-01 5.8250e-01 5.8957e-01 5.5667e-01 6.1529e-01
  97.5000 5.5288e-01 4.9751e-01 6.0624e-01 5.0512e-01 5.9821e-01 5.4971e-01 5.5636e-01 5.2504e-01 5.8081e-01
  98.5000 5.2199e-01 4.6974e-01 5.7233e-01 4.7697e-01 5.6468e-01 5.1903e-01 5.2525e-01 4.9563e-01 5.4845e-01
  99.5000 4.9310e-01 4.4376e-01 5.4071e-01 4.5071e-01 5.3337e-01 4.9025e-01 4.9626e-01 4.6801e-01 5.1829e-01
 100.5000 4.6600e-01 4.1940e-01 5.1098e-01 4.2604e-01 5.0396e-01 4.6326e-01 4.6906e-01 4.4218e-01 4.8993e-01
 101.5000 4.4070e-01 3.9653e-01 4.8312e-01 4.0296e-01 4.7644e-01 4.3796e-01 4.4355e-01 4.1793e-01 4.6337e-01
 102.5000 4.1687e-01 3.7511e-01 4.5704e-01 3.8124e-01 4.5061e-01 4.1424e-01 4.1972e-01 3.9526e-01 4.3849e-01
 103.5000 3.9452e-01 3.5502e-01 4.3258e-01 3.6089e-01 4.2636e-01 3.9199e-01 3.9726e-01 3.7396e-01 4.1518e-01
 104.5000 3.7354e-01 3.3616e-01 4.0956e-01 3.4180e-01 4.0359e-01 3.7111e-01 3.7596e-01 3.5393e-01 3.9326e-01
 105.5000 3.5393e-01 3.1833e-01 3.8795e-01 3.2378e-01 3.8229e-01 3.5151e-01 3.5614e-01 3.3516e-01 3.7259e-01
 106.5000 3.3537e-01 3.0166e-01 3.6776e-01 3.0691e-01 3.6226e-01 3.3316e-01 3.3759e-01 3.1745e-01 3.5330e-01
 107.5000 3.1798e-01 2.8606e-01 3.4867e-01 2.9109e-01 3.4339e-01 3.1587e-01 3.2009e-01 3.0090e-01 3.3506e-01
 108.5000 3.0164e-01 2.7127e-01 3.3071e-01 2.7612e-01 3.2567e-01 2.9963e-01 3.0353e-01 2.8529e-01 3.1787e-01
 109.5000 2.8614e-01 2.5739e-01 3.1363e-01 2.6199e-01 3.0891e-01 2.8435e-01 2.8804e-01 2.7064e-01 3.0142e-01
 110.5000 2.7159e-01 2.4425e-01 2.9775e-01 2.4871e-01 2.9320e-01 2.6990e-01 2.7317e-01 2.5672e-01 2.8624e-01
 111.5000 2.5778e-01 2.3183e-01 2.8283e-01 2.3606e-01 2.7834e-01 2.5630e-01 2.5936e-01 2.4365e-01 2.7201e-01
 112.5000 2.4481e-01 2.2024e-01 2.6870e-01 2.2425e-01 2.6431e-01 2.4354e-01 2.4639e-01 2.3142e-01 2.5851e-01
 113.5000 2.3269e-01 2.0929e-01 2.5527e-01 2.1318e-01 2.5103e-01 2.3142e-01 2.3427e-01 2.1982e-01 2.4576e-01
 114.5000 2.2119e-01 1.9891e-01 2.4278e-01 2.0274e-01 2.3869e-01 2.2003e-01 2.2277e-01 2.0875e-01 2.3374e-01
 115.5000 2.1044e-01 1.8909e-01 2.3088e-01 1.9283e-01 2.2699e-01 2.0928e-01 2.1181e-01 1.9842e-01 2.2235e-01
 116.5000 2.0021e-01 1.7992e-01 2.1983e-01 1.8345e-01 2.1613e-01 1.9916e-01 2.0158e-01 1.8883e-01 2.1160e-01
 117.5000 1.9072e-01 1.7121e-01 2.0908e-01 1.7470e-01 2.0548e-01 1.8946e-01 1.9178e-01 1.7965e-01 2.0158e-01
 118.5000 1.8166e-01 1.6313e-01 1.9910e-01 1.6647e-01 1.9568e-01 1.8039e-01 1.8261e-01 1.7111e-01 1.9199e-01
 119.5000 1.7280e-01 1.5546e-01 1.8971e-01 1.5867e-01 1.8629e-01 1.7185e-01 1.7396e-01 1.6278e-01 1.8292e-01
 120.5000 1.6479e-01 1.4790e-01 1.8092e-01 1.5108e-01 1.7765e-01 1.6373e-01 1.6574e-01 1.5498e-01 1.7449e-01
 121.5000 1.5709e-01 1.4096e-01 1.7247e-01 1.4402e-01 1.6932e-01 1.5604e-01 1.5804e-01 1.4771e-01 1.6637e-01
 122.5000 1.4971e-01 1.3435e-01 1.6433e-01 1.3727e-01 1.6131e-01 1.4876e-01 1.5066e-01 1.4075e-01 1.5857e-01
 123.5000 1.4286e-01 1.2813e-01 1.5680e-01 1.3105e-01 1.5393e-01 1.4191e-01 1.4370e-01 1.3411e-01 1.5129e-01
 124.5000 1.3622e-01 1.2225e-01 1.4953e-01 1.2504e-01 1.4665e-01 1.3537e-01 1.3706e-01 1.2789e-01 1.4444e-01
 125.5000 1.3000e-01 1.1671e-01 1.4287e-01 1.1935e-01 1.4012e-01 1.2915e-01 1.3084e-01 1.2209e-01 1.3790e-01
 126.5000 1.2409e-01 1.1142e-01 1.3650e-01 1.1397e-01 1.3379e-01 1.2335e-01 1.2494e-01 1.1650e-01 1.3179e-01
 127.5000 1.1850e-01 1.0636e-01 1.3038e-01 1.0880e-01 1.2778e-01 1.1787e-01 1.1924e-01 1.1123e-01 1.2588e-01
 128.5000 1.1323e-01 1.0159e-01 1.2450e-01 1.0400e-01 1.2198e-01 1.1260e-01 1.1387e-01 1.0617e-01 1.2030e-01
 129.5000 1.0817e-01 9.7016e-02 1.1898e-01 9.9294e-02 1.1650e-01 1.0754e-01 1.0880e-01 1.0145e-01 1.1502e-01
 130.5000 1.0337e-01 9.2740e-02 1.1372e-01 9.4940e-02 1.1133e-01 1.0281e-01 1.0397e-01 9.6922e-02 1.0996e-01
 131.5000 9.8841e-02 8.8594e-02 1.0873e-01 9.0786e-02 1.0638e-01 9.8229e-02 9.9400e-02 9.2536e-02 1.0522e-01
 132.5000 9.4539e-02 8.4676e-02 1.0402e-01 8.6832e-02 1.0176e-01 9.3928e-02 9.5066e-02 8.8414e-02 1.0065e-01
 133.5000 9.0438e-02 8.0982e-02 9.9538e-02 8.3079e-02 9.7344e-02 8.9911e-02 9.0944e-02 8.4524e-02 9.6342e-02
 134.5000 8.6548e-02 7.7462e-02 9.5270e-02 7.9505e-02 9.3148e-02 8.6000e-02 8.7033e-02 8.0833e-02 9.2230e-02
 135.5000 8.2837e-02 7.4115e-02 9.1214e-02 7.6100e-02 8.9152e-02 8.2320e-02 8.3322e-02 7.7323e-02 8.8319e-02
 136.5000 7.9294e-02 7.0937e-02 8.7339e-02 7.2852e-02 8.5335e-02 7.8820e-02 7.9747e-02 7.3991e-02 8.4587e-02
 137.5000 7.5941e-02 6.7909e-02 8.3668e-02 6.9763e-02 8.1709e-02 7.5499e-02 7.6374e-02 7.0828e-02 8.1065e-02
 138.5000 7.2747e-02 6.5027e-02 8.0151e-02 6.6832e-02 7.8271e-02 7.2336e-02 7.3158e-02 6.7802e-02 7.7660e-02
 139.5000 6.9710e-02 6.2268e-02 7.6812e-02 6.4017e-02 7.4982e-02 6.9299e-02 7.0080e-02 6.4934e-02 7.4455e-02
 140.5000 6.6811e-02 5.9671e-02 7.3650e-02 6.1360e-02 7.1872e-02 6.6432e-02 6.7170e-02 6.2214e-02 7.1397e-02
 141.5000 6.4059e-02 5.7183e-02 7.0628e-02 5.8830e-02 6.8899e-02 6.3680e-02 6.4397e-02 5.9610e-02 6.8487e-02
 142.5000 6.1424e-02 5.4796e-02 6.7736e-02 5.6395e-02 6.6052e-02 6.1055e-02 6.1750e-02 5.7122e-02 6.5704e-02
 143.5000 5.8914e-02 5.2543e-02 6.4988e-02 5.4096e-02 6.3353e-02 5.8556e-02 5.9231e-02 5.4761e-02 6.3047e-02
 144.5000 5.6532e-02 5.0378e-02 6.2364e-02 5.1893e-02 6.0781e-02 5.6173e-02 5.6816e-02 5.2504e-02 6.0517e-02
 145.5000 5.4244e-02 4.8324e-02 5.9860e-02 4.9795e-02 5.8324e-02 5.3907e-02 5.4529e-02 5.0354e-02 5.8092e-02
 146.5000 5.2072e-02 4.6369e-02 5.7462e-02 4.7792e-02 5.5962e-02 5.1735e-02 5.2336e-02 4.8319e-02 5.5794e-02
 147.5000 4.9985e-02 4.4494e-02 5.5188e-02 4.5883e-02 5.3727e-02 4.9668e-02 5.0248e-02 4.6347e-02 5.3590e-02
 148.5000 4.7992e-02 4.2710e-02 5.3009e-02 4.4049e-02 5.1587e-02 4.7686e-02 4.8245e-02 4.4492e-02 5.1482e-02
 149.5000 4.6105e-02 4.0997e-02 5.0934e-02 4.2309e-02 4.9552e-02 4.5810e-02 4.6337e-02 4.2699e-02 4.9478e-02
 150.5000 4.4291e-02 3.9356e-02 4.8941e-02 4.0633e-02 4.7591e-02 4.4007e-02 4.4513e-02 4.0991e-02 4.7560e-02
 151.5000 4.2552e-02 3.7790e-02 4.7045e-02 3.9041e-02 4.5725e-02 4.2278e-02 4.2763e-02 3.9347e-02 4.5725e-02
 152.5000 4.0896e-02 3.6301e-02 4.5233e-02 3.7523e-02 4.3943e-02 4.0643e-02 4.1107e-02 3.7786e-02 4.3975e-02
 153.5000 3.9315e-02 3.4876e-02 4.3487e-02 3.6068e-02 4.2235e-02 3.9062e-02 3.9515e-02 3.6300e-02 4.2288e-02
 154.5000 3.7797e-02 3.3516e-02 4.1835e-02 3.4676e-02 4.0612e-02 3.7554e-02 3.7986e-02 3.4876e-02 4.0685e-02
 155.5000 3.6342e-02 3.2211e-02 4.0239e-02 3.3337e-02 3.9041e-02 3.6120e-02 3.6542e-02 3.3516e-02 3.9146e-02
 156.5000 3.4961e-02 3.0964e-02 3.8724e-02 3.2061e-02 3.7554e-02 3.4739e-02 3.5151e-02 3.2219e-02 3.7681e-02
 157.5000 3.3632e-02 2.9778e-02 3.7261e-02 3.0849e-02 3.6120e-02 3.3411e-02 3.3812e-02 3.0975e-02 3.6268e-02
 158.5000 3.2357e-02 2.8645e-02 3.5867e-02 2.9679e-02 3.4750e-02 3.2156e-02 3.2536e-02 2.9795e-02 3.4918e-02
 159.5000 3.1134e-02 2.7550e-02 3.4526e-02 2.8561e-02 3.3443e-02 3.0944e-02 3.1323e-02 2.8645e-02 3.3611e-02
 160.5000 2.9963e-02 2.6499e-02 3.3253e-02 2.7475e-02 3.2177e-02 2.9784e-02 3.0164e-02 2.7560e-02 3.2388e-02
 161.5000 2.8835e-02 2.5505e-02 3.2036e-02 2.6453e-02 3.0975e-02 2.8656e-02 2.9035e-02 2.6516e-02 3.1207e-02
 162.5000 2.7770e-02 2.4538e-02 3.0861e-02 2.5461e-02 2.9816e-02 2.7602e-02 2.7960e-02 2.5514e-02 3.0079e-02
 163.5000 2.6758e-02 2.3621e-02 2.9736e-02 2.4534e-02 2.8730e-02 2.6568e-02 2.6927e-02 2.4555e-02 2.8983e-02
 164.5000 2.5778e-02 2.2746e-02 2.8651e-02 2.3637e-02 2.7675e-02 2.5609e-02 2.5946e-02 2.3637e-02 2.7929e-02
 165.5000 2.4839e-02 2.1904e-02 2.7608e-02 2.2773e-02 2.6663e-02 2.4660e-02 2.4997e-02 2.2762e-02 2.6916e-02
 166.5000 2.3943e-02 2.1097e-02 2.6621e-02 2.1940e-02 2.5704e-02 2.3764e-02 2.4070e-02 2.1930e-02 2.5957e-02
 167.5000 2.3068e-02 2.0328e-02 2.5665e-02 2.1149e-02 2.4766e-02 2.2910e-02 2.3205e-02 2.1118e-02 2.5029e-02
 168.5000 2.2246e-02 1.9579e-02 2.4753e-02 2.0390e-02 2.3880e-02 2.2077e-02 2.2372e-02 2.0338e-02 2.4143e-02
 169.5000 2.1445e-02 1.8867e-02 2.3887e-02 1.9652e-02 2.3015e-02 2.1286e-02 2.1571e-02 1.9599e-02 2.3311e-02
 170.5000 2.0675e-02 1.8181e-02 2.3051e-02 1.8946e-02 2.2193e-02 2.0538e-02 2.0801e-02 1.8883e-02 2.2499e-02
 171.5000 1.9947e-02 1.7520e-02 2.2210e-02 1.8282e-02 2.1402e-02 1.9810e-02 2.0063e-02 1.8187e-02 2.1677e-02
 172.5000 1.9231e-02 1.6893e-02 2.1442e-02 1.7628e-02 2.0643e-02 1.9104e-02 1.9357e-02 1.7533e-02 2.0928e-02
 173.5000 1.8556e-02 1.6292e-02 2.0693e-02 1.7006e-02 1.9916e-02 1.8429e-02 1.8672e-02 1.6911e-02 2.0200e-02
 174.5000 1.7902e-02 1.5714e-02 1.9980e-02 1.6405e-02 1.9220e-02 1.7786e-02 1.8018e-02 1.6310e-02 1.9505e-02
 175.5000 1.7280e-02 1.5158e-02 1.9283e-02 1.5836e-02 1.8545e-02 1.7164e-02 1.7385e-02 1.5730e-02 1.8830e-02
 176.5000 1.6679e-02 1.4617e-02 1.8624e-02 1.5277e-02 1.7891e-02 1.6563e-02 1.6774e-02 1.5171e-02 1.8197e-02
 177.5000 1.6099e-02 1.4104e-02 1.7992e-02 1.4750e-02 1.7280e-02 1.5994e-02 1.6194e-02 1.4634e-02 1.7575e-02
 178.5000 1.5530e-02 1.3603e-02 1.7366e-02 1.4222e-02 1.6658e-02 1.5435e-02 1.5646e-02 1.4117e-02 1.6974e-02
 179.5000 1.5003e-02 1.3127e-02 1.6788e-02 1.3738e-02 1.6089e-02 1.4908e-02 1.5119e-02 1.3622e-02 1.6415e-02
 180.5000 1.4486e-02 1.2671e-02 1.6226e-02 1.3263e-02 1.5540e-02 1.4402e-02 1.4571e-02 1.3147e-02 1.5867e-02
 181.5000 1.4001e-02 1.2238e-02 1.5680e-02 1.2820e-02 1.5024e-02 1.3927e-02 1.4086e-02 1.2694e-02 1.5330e-02
 182.5000 1.3548e-02 1.1812e-02 1.5158e-02 1.2399e-02 1.4528e-02 1.3453e-02 1.3611e-02 1.2251e-02 1.4823e-02
 183.5000 1.3084e-02 1.1407e-02 1.4650e-02 1.1987e-02 1.4033e-02 1.2989e-02 1.3147e-02 1.1819e-02 1.4328e-02
 184.5000 1.2641e-02 1.1017e-02 1.4164e-02 1.1576e-02 1.3558e-02 1.2557e-02 1.2725e-02 1.1418e-02 1.3854e-02
 185.5000 1.2219e-02 1.0656e-02 1.3698e-02 1.1186e-02 1.3105e-02 1.2135e-02 1.2304e-02 1.1049e-02 1.3400e-02
 186.5000 1.1808e-02 1.0297e-02 1.3249e-02 1.0817e-02 1.2673e-02 1.1734e-02 1.1893e-02 1.0670e-02 1.2957e-02
 187.5000 1.1418e-02 9.9388e-03 1.2808e-02 1.0451e-02 1.2240e-02 1.1334e-02 1.1492e-02 1.0302e-02 1.2536e-02
 188.5000 1.1049e-02 9.6009e-03 1.2394e-02 1.0104e-02 1.1840e-02 1.0965e-02 1.1112e-02 9.9547e-03 1.2135e-02
 189.5000 1.0680e-02 9.2872e-03 1.1987e-02 9.7765e-03 1.1450e-02 1.0606e-02 1.0754e-02 9.6226e-03 1.1734e-02
 190.5000 1.0333e-02 8.9762e-03 1.1600e-02 9.4560e-03 1.1081e-02 1.0252e-02 1.0386e-02 9.3011e-03 1.1355e-02
 191.5000 9.9927e-03 8.6763e-03 1.1220e-02 9.1419e-03 1.0712e-02 9.9168e-03 1.0056e-02 8.9911e-03 1.0986e-02
 192.5000 9.6606e-03 8.3913e-03 1.0865e-02 8.8445e-03 1.0362e-02 9.5952e-03 9.7312e-03 8.6906e-03 1.0638e-02
 193.5000 9.3517e-03 8.1052e-03 1.0514e-02 8.5536e-03 1.0024e-02 9.2863e-03 9.4086e-03 8.3965e-03 1.0297e-02
 194.5000 9.0480e-03 7.8445e-03 1.0179e-02 8.2794e-03 9.7006e-03 8.9784e-03 9.1050e-03 8.1245e-03 9.9705e-03
 195.5000 8.7539e-03 7.5895e-03 9.8562e-03 8.0117e-03 9.3865e-03 8.6927e-03 8.8034e-03 7.8588e-03 9.6553e-03
 196.5000 8.4703e-03 7.3417e-03 9.5363e-03 7.7533e-03 9.0839e-03 8.4133e-03 8.5283e-03 7.6005e-03 9.3401e-03
 197.5000 8.1993e-03 7.0999e-03 9.2340e-03 7.5003e-03 8.7887e-03 8.1413e-03 8.2531e-03 7.3527e-03 9.0480e-03
 198.5000 7.9389e-03 6.8699e-03 8.9426e-03 7.2620e-03 8.5093e-03 7.8820e-03 7.9863e-03 7.1134e-03 8.7634e-03
 199.5000 7.6869e-03 6.6438e-03 8.6608e-03 7.0301e-03 8.2383e-03 7.6342e-03 7.7354e-03 6.8783e-03 8.4882e-03
 200.5000 7.4381e-03 6.4248e-03 8.3899e-03 6.8034e-03 7.9716e-03 7.3770e-03 7.4908e-03 6.6505e-03 8.2246e-03
 201.5000 7.2019e-03 6.2244e-03 8.1294e-03 6.5883e-03 7.7196e-03 7.1482e-03 7.2578e-03 6.4428e-03 7.9695e-03
 202.5000 6.9742e-03 6.0195e-03 7.8744e-03 6.3785e-03 7.4740e-03 6.9236e-03 7.0174e-03 6.2299e-03 7.7217e-03
 203.5000 6.7560e-03 5.8281e-03 7.6310e-03 6.1782e-03 7.2388e-03 6.7054e-03 6.7971e-03 6.0317e-03 7.4845e-03
 204.5000 6.5430e-03 5.6453e-03 7.3964e-03 5.9832e-03 7.0122e-03 6.4945e-03 6.5841e-03 5.8430e-03 7.2547e-03
 205.5000 6.3416e-03 5.4660e-03 7.1695e-03 5.7987e-03 6.7950e-03 6.2942e-03 6.3796e-03 5.6563e-03 7.0333e-03
 206.5000 6.1434e-03 5.2889e-03 6.9502e-03 5.6184e-03 6.5841e-03 6.0981e-03 6.1814e-03 5.4708e-03 6.8182e-03
 207.5000 5.9526e-03 5.1220e-03 6.7372e-03 5.4434e-03 6.3785e-03 5.9094e-03 5.9905e-03 5.2979e-03 6.6105e-03
 208.5000 5.7702e-03 4.9620e-03 6.5314e-03 5.2757e-03 6.1824e-03 5.7270e-03 5.8071e-03 5.1323e-03 6.4091e-03
 209.5000 5.5920e-03 4.8047e-03 6.3340e-03 5.1113e-03 5.9916e-03 5.5499e-03 5.6279e-03 4.9700e-03 6.2162e-03
 210.5000 5.4191e-03 4.6541e-03 6.1410e-03 4.9542e-03 5.8061e-03 5.3790e-03 5.4560e-03 4.8129e-03 6.0275e-03
 211.5000 5.2547e-03 4.5097e-03 5.9578e-03 4.8034e-03 5.6300e-03 5.2156e-03 5.2905e-03 4.6632e-03 5.8482e-03
 212.5000 5.0955e-03 4.3705e-03 5.7766e-03 4.6579e-03 5.4581e-03 5.0564e-03 5.1281e-03 4.5187e-03 5.6711e-03
 213.5000 4.9384e-03 4.2353e-03 5.6048e-03 4.5145e-03 5.2915e-03 4.9025e-03 4.9731e-03 4.3785e-03 5.5024e-03
 214.5000 4.7897e-03 4.1079e-03 5.4374e-03 4.3775e-03 5.1313e-03 4.7539e-03 4.8224e-03 4.2478e-03 5.3390e-03
 215.5000 4.6442e-03 3.9816e-03 5.2744e-03 4.2457e-03 4.9763e-03 4.6094e-03 4.6779e-03 4.1160e-03 5.1787e-03
 216.5000 4.5040e-03 3.8576e-03 5.1184e-03 4.1170e-03 4.8266e-03 4.4692e-03 4.5367e-03 3.9874e-03 5.0259e-03
 217.5000 4.3669e-03 3.7390e-03 4.9669e-03 3.9937e-03 4.6790e-03 4.3342e-03 4.4007e-03 3.8630e-03 4.8783e-03
 218.5000 4.2436e-03 3.6236e-03 4.8210e-03 3.8788e-03 4.5462e-03 4.2035e-03 4.2657e-03 3.7438e-03 4.7349e-03
 219.5000 4.1139e-03 3.5131e-03 4.6785e-03 3.7596e-03 4.4070e-03 4.0791e-03 4.1402e-03 3.6300e-03 4.5957e-03
 220.5000 3.9916e-03 3.4034e-03 4.5431e-03 3.6458e-03 4.2752e-03 3.9557e-03 4.0169e-03 3.5172e-03 4.4639e-03
 221.5000 3.8724e-03 3.3014e-03 4.4101e-03 3.5382e-03 4.1466e-03 3.8387e-03 3.8978e-03 3.4107e-03 4.3342e-03
 222.5000 3.7575e-03 3.2015e-03 4.2814e-03 3.4328e-03 4.0243e-03 3.7249e-03 3.7828e-03 3.3074e-03 4.2077e-03
 223.5000 3.6468e-03 3.1040e-03 4.1561e-03 3.3316e-03 3.9062e-03 3.6142e-03 3.6721e-03 3.2061e-03 4.0844e-03
 224.5000 3.5351e-03 3.0112e-03 4.0361e-03 3.2314e-03 3.7902e-03 3.5066e-03 3.5657e-03 3.1091e-03 3.9652e-03
 225.5000 3.4328e-03 2.9194e-03 3.9160e-03 3.1355e-03 3.6764e-03 3.4033e-03 3.4602e-03 3.0153e-03 3.8493e-03
 226.5000 3.3316e-03 2.8319e-03 3.8018e-03 3.0417e-03 3.5678e-03 3.3021e-03 3.3559e-03 2.9257e-03 3.7375e-03
 227.5000 3.2325e-03 2.7489e-03 3.6927e-03 2.9520e-03 3.4613e-03 3.2082e-03 3.2578e-03 2.8392e-03 3.6310e-03
 228.5000 3.1376e-03 2.6657e-03 3.5848e-03 2.8656e-03 3.3601e-03 3.1123e-03 3.1650e-03 2.7528e-03 3.5245e-03
 229.5000 3.0459e-03 2.5875e-03 3.4815e-03 2.7823e-03 3.2620e-03 3.0227e-03 3.0701e-03 2.6716e-03 3.4233e-03
 230.5000 2.9594e-03 2.5112e-03 3.3819e-03 2.7032e-03 3.1692e-03 2.9331e-03 2.9837e-03 2.5925e-03 3.3253e-03
 231.5000 2.8740e-03 2.4363e-03 3.2851e-03 2.6242e-03 3.0775e-03 2.8487e-03 2.8983e-03 2.5156e-03 3.2304e-03
 232.5000 2.7907e-03 2.3642e-03 3.1911e-03 2.5483e-03 2.9879e-03 2.7654e-03 2.8108e-03 2.4407e-03 3.1387e-03
 233.5000 2.7085e-03 2.2940e-03 3.0999e-03 2.4734e-03 2.9004e-03 2.6843e-03 2.7285e-03 2.3680e-03 3.0490e-03
 234.5000 2.6315e-03 2.2251e-03 3.0101e-03 2.4017e-03 2.8160e-03 2.6062e-03 2.6516e-03 2.2973e-03 2.9615e-03
 235.5000 2.5546e-03 2.1603e-03 2.9243e-03 2.3321e-03 2.7359e-03 2.5314e-03 2.5757e-03 2.2299e-03 2.8761e-03
 236.5000 2.4797e-03 2.0981e-03 2.8438e-03 2.2657e-03 2.6568e-03 2.4576e-03 2.5019e-03 2.1645e-03 2.7971e-03
 237.5000 2.4091e-03 2.0359e-03 2.7621e-03 2.1993e-03 2.5788e-03 2.3869e-03 2.4291e-03 2.1012e-03 2.7180e-03
 238.5000 2.3406e-03 1.9771e-03 2.6841e-03 2.1371e-03 2.5061e-03 2.3205e-03 2.3595e-03 2.0401e-03 2.6410e-03
 239.5000 2.2720e-03 1.9187e-03 2.6086e-03 2.0738e-03 2.4323e-03 2.2552e-03 2.2931e-03 1.9800e-03 2.5672e-03
 240.5000 2.2067e-03 1.8630e-03 2.5347e-03 2.0148e-03 2.3627e-03 2.1908e-03 2.2277e-03 1.9220e-03 2.4945e-03
 241.5000 2.1455e-03 1.8099e-03 2.4659e-03 1.9589e-03 2.2973e-03 2.1265e-03 2.1645e-03 1.8672e-03 2.4270e-03
 242.5000 2.0854e-03 1.7573e-03 2.3982e-03 1.9030e-03 2.2330e-03 2.0654e-03 2.1033e-03 1.8134e-03 2.3606e-03
 243.5000 2.0253e-03 1.7056e-03 2.3318e-03 1.8482e-03 2.1677e-03 2.0085e-03 2.0422e-03 1.7596e-03 2.2963e-03
 244.5000 1.9673e-03 1.6555e-03 2.2668e-03 1.7965e-03 2.1065e-03 1.9515e-03 1.9842e-03 1.7069e-03 2.2320e-03
 245.5000 1.9136e-03 1.6069e-03 2.2026e-03 1.7459e-03 2.0485e-03 1.8956e-03 1.9283e-03 1.6574e-03 2.1687e-03
 246.5000 1.8598e-03 1.5614e-03 2.1412e-03 1.6974e-03 1.9905e-03 1.8440e-03 1.8746e-03 1.6099e-03 2.1086e-03
 247.5000 1.8071e-03 1.5177e-03 2.0825e-03 1.6500e-03 1.9346e-03 1.7913e-03 1.8229e-03 1.5646e-03 2.0506e-03
 248.5000 1.7565e-03 1.4728e-03 2.0238e-03 1.6036e-03 1.8809e-03 1.7386e-03 1.7712e-03 1.5182e-03 1.9926e-03
 249.5000 1.7069e-03 1.4318e-03 1.9671e-03 1.5583e-03 1.8282e-03 1.6901e-03 1.7206e-03 1.4760e-03 1.9368e-03
 250.5000 1.6595e-03 1.3914e-03 1.9131e-03 1.5140e-03 1.7765e-03 1.6426e-03 1.6732e-03 1.4349e-03 1.8840e-03
 251.5000 1.6131e-03 1.3517e-03 1.8586e-03 1.4718e-03 1.7270e-03 1.5962e-03 1.6257e-03 1.3938e-03 1.8303e-03
 252.5000 1.5667e-03 1.3130e-03 1.8095e-03 1.4296e-03 1.6785e-03 1.5519e-03 1.5804e-03 1.3537e-03 1.7818e-03
 253.5000 1.5224e-03 1.2760e-03 1.7567e-03 1.3906e-03 1.6300e-03 1.5077e-03 1.5361e-03 1.3147e-03 1.7301e-03
 254.5000 1.4802e-03 1.2377e-03 1.7083e-03 1.3506e-03 1.5846e-03 1.4665e-03 1.4929e-03 1.2757e-03 1.6827e-03
 255.5000 1.4381e-03 1.2031e-03 1.6620e-03 1.3126e-03 1.5393e-03 1.4244e-03 1.4518e-03 1.2399e-03 1.6373e-03
 256.5000 1.4001e-03 1.1689e-03 1.6176e-03 1.2768e-03 1.4982e-03 1.3854e-03 1.4085e-03 1.2051e-03 1.5941e-03
 257.5000 1.3601e-03 1.1364e-03 1.5739e-03 1.2409e-03 1.4560e-03 1.3463e-03 1.3706e-03 1.1713e-03 1.5509e-03
 258.5000 1.3231e-03 1.1025e-03 1.5289e-03 1.2061e-03 1.4159e-03 1.3094e-03 1.3326e-03 1.1365e-03 1.5066e-03
 259.5000 1.2873e-03 1.0723e-03 1.4883e-03 1.1745e-03 1.3780e-03 1.2725e-03 1.2957e-03 1.1049e-03 1.4665e-03
 260.5000 1.2493e-03 1.0426e-03 1.4467e-03 1.1418e-03 1.3379e-03 1.2367e-03 1.2599e-03 1.0733e-03 1.4254e-03
 261.5000 1.2146e-03 1.0114e-03 1.4063e-03 1.1070e-03 1.2989e-03 1.2009e-03 1.2262e-03 1.0427e-03 1.3864e-03
 262.5000 1.1808e-03 9.8383e-04 1.3693e-03 1.0775e-03 1.2641e-03 1.1692e-03 1.1924e-03 1.0135e-03 1.3495e-03
 263.5000 1.1481e-03 9.5460e-04 1.3324e-03 1.0469e-03 1.2304e-03 1.1355e-03 1.1597e-03 9.8366e-04 1.3126e-03
 264.5000 1.1176e-03 9.2865e-04 1.2961e-03 1.0189e-03 1.1956e-03 1.1060e-03 1.1281e-03 9.5688e-04 1.2778e-03
 265.5000 1.0870e-03 9.0299e-04 1.2617e-03 9.9168e-04 1.1629e-03 1.0743e-03 1.0954e-03 9.3011e-04 1.2441e-03
 266.5000 1.0564e-03 8.7696e-04 1.2274e-03 9.6321e-04 1.1302e-03 1.0443e-03 1.0659e-03 9.0354e-04 1.2103e-03
 267.5000 1.0280e-03 8.5333e-04 1.1947e-03 9.3728e-04 1.1007e-03 1.0169e-03 1.0388e-03 8.7918e-04 1.1777e-03
 268.5000 1.0001e-03 8.2885e-04 1.1622e-03 9.1123e-04 1.0701e-03 9.8957e-04 1.0096e-03 8.5409e-04 1.1460e-03
 269.5000 9.7196e-04 8.0594e-04 1.1301e-03 8.8677e-04 1.0400e-03 9.6152e-04 9.8145e-04 8.2984e-04 1.1144e-03
 270.5000 9.4413e-04 7.8256e-04 1.0992e-03 8.6073e-04 1.0107e-03 9.3401e-04 9.5478e-04 8.0612e-04 1.0838e-03
 271.5000 9.1925e-04 7.6119e-04 1.0701e-03 8.3785e-04 9.8345e-04 9.0849e-04 9.2905e-04 7.8419e-04 1.0554e-03
 272.5000 8.9384e-04 7.3978e-04 1.0402e-03 8.1487e-04 9.5667e-04 8.8245e-04 9.0269e-04 7.6205e-04 1.0257e-03
 273.5000 8.6854e-04 7.1781e-04 1.0109e-03 7.9157e-04 9.2926e-04 8.5778e-04 8.7802e-04 7.3938e-04 9.9695e-04
 274.5000 8.4471e-04 6.9810e-04 9.8348e-04 7.6996e-04 9.0385e-04 8.3416e-04 8.5314e-04 7.1903e-04 9.6996e-04
 275.5000 8.2267e-04 6.7952e-04 9.5849e-04 7.5014e-04 8.8024e-04 8.1297e-04 8.3121e-04 6.9963e-04 9.4539e-04
 276.5000 7.9979e-04 6.6074e-04 9.3272e-04 7.2958e-04 8.5588e-04 7.9052e-04 8.0865e-04 6.8013e-04 9.1999e-04
 277.5000 7.7755e-04 6.4114e-04 9.0709e-04 7.0839e-04 8.3258e-04 7.6859e-04 7.8651e-04 6.6031e-04 8.9447e-04
 278.5000 7.5720e-04 6.2456e-04 8.8344e-04 6.8972e-04 8.1034e-04 7.4845e-04 7.6595e-04 6.4334e-04 8.7138e-04
 279.5000 7.3633e-04 6.0717e-04 8.5946e-04 6.7075e-04 7.8830e-04 7.2747e-04 7.4444e-04 6.2541e-04 8.4766e-04
 280.5000 7.1650e-04 5.8973e-04 8.3570e-04 6.5240e-04 7.6690e-04 7.0533e-04 7.2410e-04 6.0770e-04 8.2425e-04
 281.5000 6.9637e-04 5.7332e-04 8.1264e-04 6.3448e-04 7.4539e-04 6.8603e-04 7.0459e-04 5.9052e-04 8.0148e-04
 282.5000 6.7549e-04 5.5610e-04 7.8926e-04 6.1508e-04 7.2283e-04 6.6769e-04 6.8509e-04 5.7280e-04 7.7850e-04
 283.5000 6.5746e-04 5.4001e-04 7.6820e-04 5.9884e-04 7.0322e-04 6.4903e-04 6.6611e-04 5.5604e-04 7.5794e-04
 284.5000 6.3943e-04 5.2486e-04 7.4779e-04 5.8219e-04 6.8456e-04 6.3111e-04 6.4650e-04 5.4054e-04 7.3770e-04
 285.5000 6.2151e-04 5.1086e-04 7.2775e-04 5.6669e-04 6.6558e-04 6.1424e-04 6.2910e-04 5.2567e-04 7.1787e-04
 286.5000 6.0517e-04 4.9569e-04 7.0842e-04 5.5119e-04 6.4797e-04 5.9695e-04 6.1181e-04 5.1028e-04 6.9890e-04
 287.5000 5.8914e-04 4.8206e-04 6.8974e-04 5.3664e-04 6.3047e-04 5.8113e-04 5.9515e-04 4.9616e-04 6.8066e-04
 288.5000 5.7312e-04 4.6866e-04 6.7049e-04 5.2209e-04 6.1339e-04 5.6490e-04 5.7723e-04 4.8234e-04 6.6168e-04
 289.5000 5.5730e-04 4.5592e-04 6.5236e-04 5.0786e-04 5.9652e-04 5.4919e-04 5.6215e-04 4.6917e-04 6.4376e-04
 290.5000 5.4086e-04 4.4286e-04 6.3362e-04 4.9246e-04 5.7871e-04 5.3327e-04 5.4718e-04 4.5599e-04 6.2531e-04
 291.5000 5.2547e-04 4.3096e-04 6.1672e-04 4.7876e-04 5.6237e-04 5.1924e-04 5.3221e-04 4.4354e-04 6.0865e-04
 292.5000 5.1049e-04 4.1867e-04 6.0003e-04 4.6537e-04 5.4666e-04 5.0543e-04 5.1756e-04 4.3068e-04 5.9210e-04
 293.5000 4.9710e-04 4.0631e-04 5.8278e-04 4.5240e-04 5.3190e-04 4.9057e-04 5.0364e-04 4.1835e-04 5.7512e-04
 294.5000 4.8298e-04 3.9546e-04 5.6701e-04 4.3975e-04 5.1661e-04 4.7633e-04 4.9046e-04 4.0717e-04 5.5962e-04
 295.5000 4.6969e-04 3.8484e-04 5.5063e-04 4.2815e-04 5.0290e-04 4.6316e-04 4.7665e-04 3.9600e-04 5.4318e-04
 296.5000 4.5715e-04 3.7382e-04 5.3635e-04 4.1634e-04 4.8941e-04 4.5029e-04 4.6400e-04 3.8482e-04 5.2916e-04
 297.5000 4.4523e-04 3.6275e-04 5.2266e-04 4.0549e-04 4.7665e-04 4.3796e-04 4.5103e-04 3.7333e-04 5.1577e-04
 298.5000 4.3195e-04 3.5288e-04 5.0810e-04 3.9315e-04 4.6221e-04 4.2594e-04 4.3838e-04 3.6331e-04 5.0153e-04
 299.5000 4.2025e-04 3.4254e-04 4.9380e-04 3.8261e-04 4.4987e-04 4.1392e-04 4.2626e-04 3.5256e-04 4.8730e-04
