# FONLL version and perturbative order: ## FONLL v1.3.2 fonll [ds/dpt^2dy (pb/GeV^2)]
# quark = charm
# final state = lepton (meson = 0.7 D0 + 0.3 D+). NP params (cm,lm,hm) = 0.1, 0.06, 0.135
# BR(q->meson) = 1
# BR(meson->lepton) = 0.103
# ebeam1 = 6500, ebeam2 = 6500
# PDF set = CTEQ6.6
# ptmin = 0.5
# ptmax = 299.5
# etamin = -1
# etamax = 1
# Uncertainties from scales, masses, PDFs combined quadratically
# cross section is ds/dpt (pb/GeV)
# pt      central      min       max       min_sc     max_sc     min_mass   max_mass     min_pdf    max_pdf
   0.5000 1.4152e+08 2.8377e+07 3.3675e+08 3.5319e+07 3.3269e+08 1.1866e+08 1.6614e+08 1.0990e+08 1.7252e+08
   1.5000 2.3978e+07 8.3309e+06 4.6099e+07 9.2360e+06 4.5083e+07 1.9786e+07 2.9746e+07 2.0827e+07 2.7244e+07
   2.5000 5.2489e+06 2.8139e+06 8.8096e+06 2.9829e+06 8.6201e+06 4.5351e+06 6.2521e+06 4.7153e+06 5.8030e+06
   3.5000 1.5893e+06 1.0260e+06 2.4458e+06 1.0753e+06 2.3968e+06 1.4121e+06 1.8334e+06 1.4420e+06 1.7376e+06
   4.5000 6.0152e+05 4.2949e+05 8.6671e+05 4.4754e+05 8.5037e+05 5.4631e+05 6.7620e+05 5.4827e+05 6.5467e+05
   5.5000 2.6502e+05 1.9692e+05 3.6714e+05 2.0435e+05 3.6019e+05 2.4452e+05 2.9396e+05 2.4184e+05 2.8809e+05
   6.5000 1.3081e+05 9.9563e+04 1.7545e+05 1.0310e+05 1.7222e+05 1.2185e+05 1.4307e+05 1.1948e+05 1.4214e+05
   7.5000 7.0246e+04 5.4401e+04 9.1979e+04 5.6238e+04 9.0259e+04 6.6105e+04 7.6096e+04 6.4107e+04 7.6374e+04
   8.5000 4.0314e+04 3.1696e+04 5.1786e+04 3.2744e+04 5.0769e+04 3.8213e+04 4.3425e+04 3.6771e+04 4.3868e+04
   9.5000 2.4473e+04 1.9415e+04 3.0907e+04 2.0064e+04 3.0282e+04 2.3278e+04 2.6183e+04 2.2300e+04 2.6646e+04
  10.5000 1.5512e+04 1.2441e+04 1.9298e+04 1.2865e+04 1.8880e+04 1.4811e+04 1.6542e+04 1.4121e+04 1.6902e+04
  11.5000 1.0187e+04 8.2312e+03 1.2582e+04 8.5171e+03 1.2298e+04 9.7592e+03 1.0836e+04 9.2628e+03 1.1114e+04
  12.5000 6.9185e+03 5.6223e+03 8.4698e+03 5.8195e+03 8.2668e+03 6.6445e+03 7.3470e+03 6.2881e+03 7.5551e+03
  13.5000 4.8183e+03 3.9452e+03 5.8644e+03 4.0850e+03 5.7155e+03 4.6474e+03 5.1129e+03 4.3765e+03 5.2684e+03
  14.5000 3.4412e+03 2.8245e+03 4.1468e+03 2.9262e+03 4.0376e+03 3.3207e+03 3.6452e+03 3.1240e+03 3.7585e+03
  15.5000 2.5070e+03 2.0636e+03 3.0036e+03 2.1414e+03 2.9221e+03 2.4215e+03 2.6471e+03 2.2712e+03 2.7408e+03
  16.5000 1.8602e+03 1.5396e+03 2.2201e+03 1.5975e+03 2.1578e+03 1.7984e+03 1.9632e+03 1.6871e+03 2.0342e+03
  17.5000 1.4029e+03 1.1643e+03 1.6654e+03 1.2092e+03 1.6181e+03 1.3575e+03 1.4770e+03 1.2710e+03 1.5337e+03
  18.5000 1.0722e+03 8.9303e+02 1.2680e+03 9.2751e+02 1.2308e+03 1.0393e+03 1.1268e+03 9.7181e+02 1.1732e+03
  19.5000 8.3121e+02 6.9310e+02 9.8035e+02 7.2079e+02 9.5100e+02 8.0525e+02 8.7303e+02 7.5241e+02 9.0959e+02
  20.5000 6.5024e+02 5.4408e+02 7.6519e+02 5.6578e+02 7.4160e+02 6.3108e+02 6.8320e+02 5.8885e+02 7.1173e+02
  21.5000 5.1521e+02 4.3219e+02 6.0480e+02 4.4980e+02 5.8556e+02 5.0037e+02 5.4137e+02 4.6628e+02 5.6413e+02
  22.5000 4.1241e+02 3.4627e+02 4.8258e+02 3.6050e+02 4.6700e+02 4.0026e+02 4.3270e+02 3.7327e+02 4.5155e+02
  23.5000 3.3269e+02 2.7990e+02 3.8855e+02 2.9149e+02 3.7585e+02 3.2290e+02 3.4896e+02 3.0117e+02 3.6421e+02
  24.5000 2.7068e+02 2.2823e+02 3.1545e+02 2.3762e+02 3.0509e+02 2.6317e+02 2.8346e+02 2.4514e+02 2.9633e+02
  25.5000 2.2176e+02 1.8736e+02 2.5796e+02 1.9519e+02 2.4926e+02 2.1578e+02 2.3237e+02 2.0075e+02 2.4277e+02
  26.5000 1.8293e+02 1.5465e+02 2.1243e+02 1.6119e+02 2.0507e+02 1.7798e+02 1.9189e+02 1.6552e+02 2.0023e+02
  27.5000 1.5193e+02 1.2872e+02 1.7618e+02 1.3411e+02 1.7005e+02 1.4832e+02 1.5913e+02 1.3750e+02 1.6634e+02
  28.5000 1.2700e+02 1.0780e+02 1.4702e+02 1.1237e+02 1.4183e+02 1.2391e+02 1.3297e+02 1.1495e+02 1.3905e+02
  29.5000 1.0681e+02 9.0665e+01 1.2350e+02 9.4554e+01 1.1907e+02 1.0403e+02 1.1175e+02 9.6676e+01 1.1701e+02
  30.5000 9.0279e+01 7.6751e+01 1.0408e+02 8.0031e+01 1.0039e+02 8.7952e+01 9.4348e+01 8.1761e+01 9.8736e+01
  31.5000 7.6673e+01 6.5254e+01 8.8389e+01 6.8073e+01 8.5243e+01 7.4675e+01 8.0113e+01 6.9432e+01 8.3883e+01
  32.5000 6.5426e+01 5.5700e+01 7.5333e+01 5.8113e+01 7.2625e+01 6.3716e+01 6.8320e+01 5.9246e+01 7.1585e+01
  33.5000 5.6063e+01 4.7764e+01 6.4486e+01 4.9862e+01 6.2160e+01 5.4549e+01 5.8525e+01 5.0758e+01 6.1326e+01
  34.5000 4.8245e+01 4.1125e+01 5.5413e+01 4.2930e+01 5.3395e+01 4.6968e+01 5.0346e+01 4.3682e+01 5.2767e+01
  35.5000 4.1663e+01 3.5574e+01 4.7828e+01 3.7121e+01 4.6072e+01 4.0561e+01 4.3487e+01 3.7760e+01 4.5567e+01
  36.5000 3.6122e+01 3.0875e+01 4.1433e+01 3.2239e+01 3.9892e+01 3.5175e+01 3.7729e+01 3.2723e+01 3.9501e+01
  37.5000 3.1405e+01 2.6882e+01 3.6000e+01 2.8057e+01 3.4660e+01 3.0612e+01 3.2806e+01 2.8469e+01 3.4330e+01
  38.5000 2.7408e+01 2.3471e+01 3.1404e+01 2.4504e+01 3.0220e+01 2.6708e+01 2.8624e+01 2.4844e+01 2.9973e+01
  39.5000 2.3999e+01 2.0562e+01 2.7467e+01 2.1465e+01 2.6430e+01 2.3371e+01 2.5081e+01 2.1764e+01 2.6224e+01
  40.5000 2.1074e+01 1.8068e+01 2.4112e+01 1.8859e+01 2.3196e+01 2.0528e+01 2.2021e+01 1.9117e+01 2.3031e+01
  41.5000 1.8561e+01 1.5937e+01 2.1227e+01 1.6634e+01 2.0415e+01 1.8097e+01 1.9385e+01 1.6840e+01 2.0291e+01
  42.5000 1.6398e+01 1.4078e+01 1.8727e+01 1.4698e+01 1.8015e+01 1.5986e+01 1.7119e+01 1.4873e+01 1.7912e+01
  43.5000 1.4513e+01 1.2475e+01 1.6567e+01 1.3019e+01 1.5934e+01 1.4152e+01 1.5151e+01 1.3174e+01 1.5852e+01
  44.5000 1.2885e+01 1.1078e+01 1.4696e+01 1.1567e+01 1.4132e+01 1.2566e+01 1.3452e+01 1.1691e+01 1.4070e+01
  45.5000 1.1454e+01 9.8687e+00 1.3075e+01 1.0300e+01 1.2566e+01 1.1175e+01 1.1969e+01 1.0403e+01 1.2514e+01
  46.5000 1.0217e+01 8.8073e+00 1.1647e+01 9.1917e+00 1.1196e+01 9.9694e+00 1.0671e+01 9.2813e+00 1.1155e+01
  47.5000 9.1361e+00 7.8691e+00 1.0399e+01 8.2173e+00 9.9951e+00 8.9095e+00 9.5357e+00 8.2936e+00 9.9704e+00
  48.5000 8.1782e+00 7.0509e+00 9.3132e+00 7.3614e+00 8.9528e+00 7.9784e+00 8.5397e+00 7.4273e+00 8.9250e+00
  49.5000 7.3377e+00 6.3300e+00 8.3507e+00 6.6085e+00 8.0258e+00 7.1606e+00 7.6632e+00 6.6651e+00 8.0062e+00
  50.5000 6.5941e+00 5.6963e+00 7.5074e+00 5.9441e+00 7.2110e+00 6.4385e+00 6.8907e+00 5.9946e+00 7.1987e+00
  51.5000 5.9421e+00 5.1321e+00 6.7579e+00 5.3591e+00 6.4900e+00 5.7989e+00 6.2078e+00 5.3982e+00 6.4849e+00
  52.5000 5.3622e+00 4.6331e+00 6.0963e+00 4.8369e+00 5.8556e+00 5.2345e+00 5.5991e+00 4.8729e+00 5.8514e+00
  53.5000 4.8472e+00 4.1907e+00 5.5085e+00 4.3744e+00 5.2901e+00 4.7329e+00 5.0614e+00 4.4063e+00 5.2890e+00
  54.5000 4.3909e+00 3.7944e+00 4.9852e+00 3.9624e+00 4.7885e+00 4.2869e+00 4.5835e+00 3.9892e+00 4.7885e+00
  55.5000 3.9809e+00 3.4461e+00 4.5217e+00 3.5978e+00 4.3404e+00 3.8883e+00 4.1571e+00 3.6194e+00 4.3445e+00
  56.5000 3.6163e+00 3.1294e+00 4.1063e+00 3.2682e+00 3.9428e+00 3.5308e+00 3.7780e+00 3.2867e+00 3.9439e+00
  57.5000 3.2888e+00 2.8479e+00 3.7334e+00 2.9736e+00 3.5823e+00 3.2126e+00 3.4381e+00 2.9901e+00 3.5875e+00
  58.5000 2.9963e+00 2.5954e+00 3.3997e+00 2.7099e+00 3.2630e+00 2.9273e+00 3.1291e+00 2.7244e+00 3.2682e+00
  59.5000 2.7336e+00 2.3690e+00 3.1010e+00 2.4741e+00 2.9757e+00 2.6708e+00 2.8552e+00 2.4854e+00 2.9819e+00
  60.5000 2.4977e+00 2.1642e+00 2.8322e+00 2.2609e+00 2.7171e+00 2.4401e+00 2.6090e+00 2.2701e+00 2.7244e+00
  61.5000 2.2845e+00 1.9800e+00 2.5898e+00 2.0682e+00 2.4844e+00 2.2330e+00 2.3865e+00 2.0765e+00 2.4916e+00
  62.5000 2.0919e+00 1.8147e+00 2.3718e+00 1.8952e+00 2.2742e+00 2.0446e+00 2.1857e+00 1.9024e+00 2.2825e+00
  63.5000 1.9189e+00 1.6637e+00 2.1747e+00 1.7386e+00 2.0857e+00 1.8746e+00 2.0044e+00 1.7438e+00 2.0930e+00
  64.5000 1.7613e+00 1.5284e+00 1.9972e+00 1.5965e+00 1.9148e+00 1.7211e+00 1.8406e+00 1.6017e+00 1.9220e+00
  65.5000 1.6192e+00 1.4047e+00 1.8366e+00 1.4678e+00 1.7603e+00 1.5821e+00 1.6923e+00 1.4719e+00 1.7675e+00
  66.5000 1.4904e+00 1.2923e+00 1.6893e+00 1.3503e+00 1.6192e+00 1.4564e+00 1.5574e+00 1.3544e+00 1.6264e+00
  67.5000 1.3730e+00 1.1903e+00 1.5564e+00 1.2442e+00 1.4914e+00 1.3411e+00 1.4348e+00 1.2473e+00 1.4987e+00
  68.5000 1.2659e+00 1.0980e+00 1.4356e+00 1.1474e+00 1.3750e+00 1.2370e+00 1.3236e+00 1.1505e+00 1.3823e+00
  69.5000 1.1690e+00 1.0130e+00 1.3253e+00 1.0588e+00 1.2700e+00 1.1423e+00 1.2216e+00 1.0619e+00 1.2762e+00
  70.5000 1.0805e+00 9.3594e-01 1.2244e+00 9.7850e-01 1.1732e+00 1.0557e+00 1.1289e+00 9.8108e-01 1.1793e+00
  71.5000 9.9920e-01 8.6569e-01 1.1323e+00 9.0506e-01 1.0846e+00 9.7634e-01 1.0444e+00 9.0733e-01 1.0908e+00
  72.5000 9.2515e-01 8.0131e-01 1.0489e+00 8.3791e-01 1.0045e+00 9.0393e-01 9.6686e-01 8.3986e-01 1.0105e+00
  73.5000 8.5747e-01 7.4250e-01 9.7216e-01 7.7652e-01 9.3081e-01 8.3770e-01 8.9600e-01 7.7827e-01 9.3678e-01
  74.5000 7.9526e-01 6.8854e-01 9.0185e-01 7.2018e-01 8.6324e-01 7.7713e-01 8.3111e-01 7.2162e-01 8.6911e-01
  75.5000 7.3830e-01 6.3913e-01 8.3730e-01 6.6857e-01 8.0134e-01 7.2151e-01 7.7157e-01 6.6981e-01 8.0701e-01
  76.5000 6.8608e-01 5.9370e-01 7.7801e-01 6.2119e-01 7.4448e-01 6.7043e-01 7.1688e-01 6.2222e-01 7.5005e-01
  77.5000 6.3798e-01 5.5199e-01 7.2373e-01 5.7762e-01 6.9237e-01 6.2356e-01 6.6672e-01 5.7845e-01 6.9772e-01
  78.5000 5.9379e-01 5.1356e-01 6.7367e-01 5.3756e-01 6.4437e-01 5.8030e-01 6.2057e-01 5.3817e-01 6.4952e-01
  79.5000 5.5311e-01 4.7820e-01 6.2763e-01 5.0068e-01 6.0018e-01 5.4054e-01 5.7804e-01 5.0109e-01 6.0523e-01
  80.5000 5.1562e-01 4.4565e-01 5.8513e-01 4.6669e-01 5.5939e-01 5.0388e-01 5.3890e-01 4.6700e-01 5.6434e-01
  81.5000 4.8111e-01 4.1558e-01 5.4589e-01 4.3538e-01 5.2180e-01 4.7009e-01 5.0274e-01 4.3548e-01 5.2664e-01
  82.5000 4.4908e-01 3.8785e-01 5.0984e-01 4.0644e-01 4.8709e-01 4.3888e-01 4.6937e-01 4.0634e-01 4.9193e-01
  83.5000 4.1952e-01 3.6221e-01 4.7644e-01 3.7966e-01 4.5505e-01 4.1004e-01 4.3857e-01 3.7945e-01 4.5969e-01
  84.5000 3.9222e-01 3.3854e-01 4.4558e-01 3.5494e-01 4.2539e-01 3.8337e-01 4.1004e-01 3.5463e-01 4.3003e-01
  85.5000 3.6699e-01 3.1648e-01 4.1691e-01 3.3197e-01 3.9799e-01 3.5865e-01 3.8357e-01 3.3156e-01 4.0242e-01
  86.5000 3.4361e-01 2.9620e-01 3.9044e-01 3.1085e-01 3.7255e-01 3.3578e-01 3.5916e-01 3.1024e-01 3.7698e-01
  87.5000 3.2187e-01 2.7742e-01 3.6586e-01 2.9118e-01 3.4896e-01 3.1456e-01 3.3650e-01 2.9056e-01 3.5329e-01
  88.5000 3.0179e-01 2.5992e-01 3.4306e-01 2.7295e-01 3.2713e-01 2.9489e-01 3.1549e-01 2.7223e-01 3.3135e-01
  89.5000 2.8304e-01 2.4375e-01 3.2192e-01 2.5606e-01 3.0684e-01 2.7655e-01 2.9592e-01 2.5523e-01 3.1096e-01
  90.5000 2.6564e-01 2.2864e-01 3.0228e-01 2.4030e-01 2.8799e-01 2.5956e-01 2.7779e-01 2.3937e-01 2.9201e-01
  91.5000 2.4957e-01 2.1456e-01 2.8395e-01 2.2567e-01 2.7048e-01 2.4380e-01 2.6090e-01 2.2464e-01 2.7439e-01
  92.5000 2.3453e-01 2.0160e-01 2.6691e-01 2.1208e-01 2.5420e-01 2.2918e-01 2.4524e-01 2.1105e-01 2.5791e-01
  93.5000 2.2052e-01 1.8944e-01 2.5106e-01 1.9941e-01 2.3896e-01 2.1548e-01 2.3062e-01 1.9828e-01 2.4267e-01
  94.5000 2.0744e-01 1.7813e-01 2.3633e-01 1.8756e-01 2.2485e-01 2.0270e-01 2.1692e-01 1.8643e-01 2.2845e-01
  95.5000 1.9529e-01 1.6761e-01 2.2256e-01 1.7654e-01 2.1167e-01 1.9086e-01 2.0425e-01 1.7541e-01 2.1517e-01
  96.5000 1.8385e-01 1.5780e-01 2.0972e-01 1.6624e-01 1.9931e-01 1.7974e-01 1.9230e-01 1.6511e-01 2.0281e-01
  97.5000 1.7325e-01 1.4859e-01 1.9767e-01 1.5666e-01 1.8777e-01 1.6933e-01 1.8128e-01 1.5543e-01 1.9117e-01
  98.5000 1.6336e-01 1.4003e-01 1.8645e-01 1.4770e-01 1.7706e-01 1.5965e-01 1.7088e-01 1.4647e-01 1.8035e-01
  99.5000 1.5409e-01 1.3196e-01 1.7601e-01 1.3926e-01 1.6707e-01 1.5069e-01 1.6120e-01 1.3802e-01 1.7026e-01
 100.5000 1.4544e-01 1.2447e-01 1.6613e-01 1.3143e-01 1.5759e-01 1.4214e-01 1.5213e-01 1.3019e-01 1.6078e-01
 101.5000 1.3730e-01 1.1752e-01 1.5699e-01 1.2412e-01 1.4883e-01 1.3421e-01 1.4369e-01 1.2288e-01 1.5193e-01
 102.5000 1.2978e-01 1.1088e-01 1.4830e-01 1.1721e-01 1.4059e-01 1.2679e-01 1.3575e-01 1.1598e-01 1.4358e-01
 103.5000 1.2267e-01 1.0473e-01 1.4024e-01 1.1083e-01 1.3287e-01 1.1989e-01 1.2824e-01 1.0949e-01 1.3586e-01
 104.5000 1.1598e-01 9.9007e-02 1.3264e-01 1.0475e-01 1.2566e-01 1.1340e-01 1.2133e-01 1.0352e-01 1.2844e-01
 105.5000 1.0970e-01 9.3599e-02 1.2558e-01 9.9127e-02 1.1886e-01 1.0722e-01 1.1474e-01 9.7809e-02 1.2164e-01
 106.5000 1.0382e-01 8.8529e-02 1.1888e-01 9.3812e-02 1.1248e-01 1.0152e-01 1.0867e-01 9.2494e-02 1.1515e-01
 107.5000 9.8344e-02 8.3741e-02 1.1263e-01 8.8827e-02 1.0650e-01 9.6047e-02 1.0282e-01 8.7509e-02 1.0918e-01
 108.5000 9.3174e-02 7.9281e-02 1.0671e-01 8.4161e-02 1.0094e-01 9.1021e-02 9.7438e-02 8.2822e-02 1.0341e-01
 109.5000 8.8292e-02 7.5073e-02 1.0119e-01 7.9753e-02 9.5646e-02 8.6232e-02 9.2267e-02 7.8414e-02 9.8108e-02
 110.5000 8.3698e-02 7.1130e-02 9.5992e-02 7.5602e-02 9.0671e-02 8.1751e-02 8.7478e-02 7.4284e-02 9.3091e-02
 111.5000 7.9382e-02 6.7414e-02 9.1098e-02 7.1688e-02 8.5984e-02 7.7549e-02 8.2987e-02 7.0401e-02 8.8364e-02
 112.5000 7.5314e-02 6.3922e-02 8.6495e-02 6.8011e-02 8.1576e-02 7.3635e-02 7.8805e-02 6.6734e-02 8.3893e-02
 113.5000 7.1492e-02 6.0631e-02 8.2146e-02 6.4550e-02 7.7435e-02 6.9896e-02 7.4778e-02 6.3294e-02 7.9701e-02
 114.5000 6.7877e-02 5.7522e-02 7.8058e-02 6.1285e-02 7.3521e-02 6.6353e-02 7.1019e-02 6.0039e-02 7.5746e-02
 115.5000 6.4478e-02 5.4595e-02 7.4186e-02 5.8216e-02 6.9834e-02 6.3036e-02 6.7455e-02 5.6969e-02 7.2007e-02
 116.5000 6.1275e-02 5.1832e-02 7.0536e-02 5.5311e-02 6.6363e-02 5.9895e-02 6.4087e-02 5.4085e-02 6.8485e-02
 117.5000 5.8247e-02 4.9240e-02 6.7099e-02 5.2582e-02 6.3087e-02 5.6949e-02 6.0924e-02 5.1366e-02 6.5158e-02
 118.5000 5.5393e-02 4.6788e-02 6.3851e-02 5.0007e-02 5.9998e-02 5.4137e-02 5.7938e-02 4.8801e-02 6.2016e-02
 119.5000 5.2695e-02 4.4473e-02 6.0782e-02 4.7565e-02 5.7072e-02 5.1500e-02 5.5115e-02 4.6381e-02 5.9050e-02
 120.5000 5.0151e-02 4.2283e-02 5.7861e-02 4.5258e-02 5.4312e-02 4.9018e-02 5.2458e-02 4.4094e-02 5.6217e-02
 121.5000 4.7730e-02 4.0218e-02 5.5120e-02 4.3075e-02 5.1685e-02 4.6669e-02 4.9934e-02 4.1931e-02 5.3570e-02
 122.5000 4.5464e-02 3.8273e-02 5.2539e-02 4.1035e-02 4.9244e-02 4.4444e-02 4.7555e-02 3.9892e-02 5.1067e-02
 123.5000 4.3312e-02 3.6423e-02 5.0081e-02 3.9088e-02 4.6906e-02 4.2343e-02 4.5310e-02 3.7956e-02 4.8688e-02
 124.5000 4.1282e-02 3.4664e-02 4.7754e-02 3.7245e-02 4.4702e-02 4.0345e-02 4.3167e-02 3.6122e-02 4.6443e-02
 125.5000 3.9336e-02 3.3007e-02 4.5554e-02 3.5484e-02 4.2591e-02 3.8460e-02 4.1159e-02 3.4392e-02 4.4311e-02
 126.5000 3.7513e-02 3.1449e-02 4.3458e-02 3.3835e-02 4.0623e-02 3.6678e-02 3.9253e-02 3.2764e-02 4.2271e-02
 127.5000 3.5782e-02 2.9976e-02 4.1488e-02 3.2280e-02 3.8749e-02 3.4989e-02 3.7441e-02 3.1219e-02 4.0366e-02
 128.5000 3.4145e-02 2.8575e-02 3.9616e-02 3.0797e-02 3.6977e-02 3.3393e-02 3.5720e-02 2.9757e-02 3.8553e-02
 129.5000 3.2579e-02 2.7244e-02 3.7850e-02 2.9386e-02 3.5277e-02 3.1858e-02 3.4103e-02 2.8366e-02 3.6843e-02
 130.5000 3.1116e-02 2.5992e-02 3.6151e-02 2.8068e-02 3.3691e-02 3.0416e-02 3.2558e-02 2.7058e-02 3.5195e-02
 131.5000 2.9715e-02 2.4790e-02 3.4558e-02 2.6801e-02 3.2177e-02 2.9046e-02 3.1096e-02 2.5802e-02 3.3650e-02
 132.5000 2.8376e-02 2.3664e-02 3.3041e-02 2.5606e-02 3.0725e-02 2.7748e-02 2.9715e-02 2.4617e-02 3.2177e-02
 133.5000 2.7120e-02 2.2578e-02 3.1586e-02 2.4452e-02 2.9365e-02 2.6512e-02 2.8387e-02 2.3494e-02 3.0766e-02
 134.5000 2.5925e-02 2.1563e-02 3.0215e-02 2.3391e-02 2.8068e-02 2.5338e-02 2.7141e-02 2.2423e-02 2.9437e-02
 135.5000 2.4782e-02 2.0598e-02 2.8915e-02 2.2361e-02 2.6842e-02 2.4236e-02 2.5946e-02 2.1414e-02 2.8171e-02
 136.5000 2.3700e-02 1.9685e-02 2.7683e-02 2.1393e-02 2.5668e-02 2.3175e-02 2.4823e-02 2.0456e-02 2.6976e-02
 137.5000 2.2681e-02 1.8803e-02 2.6508e-02 2.0466e-02 2.4576e-02 2.2166e-02 2.3741e-02 1.9539e-02 2.5832e-02
 138.5000 2.1723e-02 1.7962e-02 2.5372e-02 1.9580e-02 2.3515e-02 2.1218e-02 2.2722e-02 1.8674e-02 2.4741e-02
 139.5000 2.0775e-02 1.7173e-02 2.4315e-02 1.8725e-02 2.2495e-02 2.0312e-02 2.1754e-02 1.7850e-02 2.3711e-02
 140.5000 1.9889e-02 1.6427e-02 2.3298e-02 1.7932e-02 2.1537e-02 1.9446e-02 2.0827e-02 1.7067e-02 2.2722e-02
 141.5000 1.9045e-02 1.5715e-02 2.2333e-02 1.7170e-02 2.0621e-02 1.8622e-02 1.9951e-02 1.6325e-02 2.1785e-02
 142.5000 1.8241e-02 1.5031e-02 2.1411e-02 1.6439e-02 1.9755e-02 1.7840e-02 1.9106e-02 1.5615e-02 2.0888e-02
 143.5000 1.7479e-02 1.4386e-02 2.0531e-02 1.5749e-02 1.8931e-02 1.7088e-02 1.8303e-02 1.4945e-02 2.0033e-02
 144.5000 1.6758e-02 1.3766e-02 1.9703e-02 1.5100e-02 1.8149e-02 1.6377e-02 1.7551e-02 1.4296e-02 1.9230e-02
 145.5000 1.6068e-02 1.3180e-02 1.8895e-02 1.4471e-02 1.7397e-02 1.5707e-02 1.6820e-02 1.3689e-02 1.8447e-02
 146.5000 1.5409e-02 1.2630e-02 1.8129e-02 1.3884e-02 1.6676e-02 1.5059e-02 1.6130e-02 1.3112e-02 1.7706e-02
 147.5000 1.4770e-02 1.2096e-02 1.7405e-02 1.3308e-02 1.5996e-02 1.4441e-02 1.5471e-02 1.2556e-02 1.6995e-02
 148.5000 1.4173e-02 1.1593e-02 1.6723e-02 1.2772e-02 1.5347e-02 1.3854e-02 1.4842e-02 1.2030e-02 1.6336e-02
 149.5000 1.3596e-02 1.1106e-02 1.6067e-02 1.2247e-02 1.4729e-02 1.3287e-02 1.4235e-02 1.1526e-02 1.5697e-02
 150.5000 1.3050e-02 1.0646e-02 1.5431e-02 1.1763e-02 1.4132e-02 1.2751e-02 1.3668e-02 1.1042e-02 1.5079e-02
 151.5000 1.2525e-02 1.0210e-02 1.4820e-02 1.1289e-02 1.3565e-02 1.2236e-02 1.3122e-02 1.0588e-02 1.4482e-02
 152.5000 1.2030e-02 9.7849e-03 1.4246e-02 1.0836e-02 1.3029e-02 1.1752e-02 1.2597e-02 1.0150e-02 1.3926e-02
 153.5000 1.1546e-02 9.3856e-03 1.3688e-02 1.0403e-02 1.2504e-02 1.1279e-02 1.2103e-02 9.7325e-03 1.3380e-02
 154.5000 1.1093e-02 9.0023e-03 1.3165e-02 9.9931e-03 1.2010e-02 1.0836e-02 1.1618e-02 9.3339e-03 1.2875e-02
 155.5000 1.0671e-02 8.6357e-03 1.2659e-02 9.6099e-03 1.1557e-02 1.0403e-02 1.1165e-02 8.9548e-03 1.2381e-02
 156.5000 1.0255e-02 8.2882e-03 1.2173e-02 9.2350e-03 1.1103e-02 1.0002e-02 1.0733e-02 8.5923e-03 1.1907e-02
 157.5000 9.8550e-03 7.9540e-03 1.1707e-02 8.8745e-03 1.0671e-02 9.6089e-03 1.0310e-02 8.2451e-03 1.1454e-02
 158.5000 9.4739e-03 7.6364e-03 1.1264e-02 8.5315e-03 1.0259e-02 9.2360e-03 9.9137e-03 7.9145e-03 1.1021e-02
 159.5000 9.1073e-03 7.3315e-03 1.0824e-02 8.2009e-03 9.8633e-03 8.8796e-03 9.5337e-03 7.5973e-03 1.0588e-02
 160.5000 8.7571e-03 7.0408e-03 1.0416e-02 7.8846e-03 9.4832e-03 8.5377e-03 9.1773e-03 7.2955e-03 1.0188e-02
 161.5000 8.4223e-03 6.7640e-03 1.0026e-02 7.5839e-03 9.1217e-03 8.2122e-03 8.8281e-03 7.0071e-03 9.8077e-03
 162.5000 8.1020e-03 6.4976e-03 9.6546e-03 7.2965e-03 8.7746e-03 7.8877e-03 8.4913e-03 6.7311e-03 9.4461e-03
 163.5000 7.7981e-03 6.2413e-03 9.2970e-03 7.0194e-03 8.4439e-03 7.5890e-03 8.1720e-03 6.4663e-03 9.0980e-03
 164.5000 7.5046e-03 6.0005e-03 8.9566e-03 6.7558e-03 8.1277e-03 7.3079e-03 7.8661e-03 6.2150e-03 8.7653e-03
 165.5000 7.2213e-03 5.7680e-03 8.6283e-03 6.4993e-03 7.8177e-03 7.0339e-03 7.5736e-03 5.9740e-03 8.4460e-03
 166.5000 6.9504e-03 5.5468e-03 8.3160e-03 6.2572e-03 7.5262e-03 6.7702e-03 7.2903e-03 5.7433e-03 8.1411e-03
 167.5000 6.6919e-03 5.3331e-03 8.0170e-03 6.0234e-03 7.2481e-03 6.5178e-03 7.0215e-03 5.5218e-03 7.8486e-03
 168.5000 6.4447e-03 5.1287e-03 7.7269e-03 5.7999e-03 6.9803e-03 6.2778e-03 6.7630e-03 5.3096e-03 7.5654e-03
 169.5000 6.2047e-03 4.9327e-03 7.4467e-03 5.5836e-03 6.7208e-03 6.0409e-03 6.5024e-03 5.1067e-03 7.2945e-03
 170.5000 5.9791e-03 4.7453e-03 7.1865e-03 5.3807e-03 6.4756e-03 5.8195e-03 6.2645e-03 4.9121e-03 7.0421e-03
 171.5000 5.7608e-03 4.5655e-03 6.9321e-03 5.1850e-03 6.2397e-03 5.6073e-03 6.0430e-03 4.7246e-03 6.7918e-03
 172.5000 5.5517e-03 4.3935e-03 6.6858e-03 4.9955e-03 6.0121e-03 5.4054e-03 5.8236e-03 4.5464e-03 6.5518e-03
 173.5000 5.3488e-03 4.2300e-03 6.4473e-03 4.8132e-03 5.7927e-03 5.2097e-03 5.6063e-03 4.3765e-03 6.3201e-03
 174.5000 5.1562e-03 4.0678e-03 6.2201e-03 4.6360e-03 5.5805e-03 5.0151e-03 5.4044e-03 4.2106e-03 6.0997e-03
 175.5000 4.9646e-03 3.9181e-03 6.0046e-03 4.4671e-03 5.3776e-03 4.8348e-03 5.2118e-03 4.0530e-03 5.8864e-03
 176.5000 4.7874e-03 3.7718e-03 5.7969e-03 4.3075e-03 5.1861e-03 4.6659e-03 5.0264e-03 3.9006e-03 5.6835e-03
 177.5000 4.6165e-03 3.6332e-03 5.5966e-03 4.1540e-03 5.0006e-03 4.5011e-03 4.8482e-03 3.7564e-03 5.4878e-03
 178.5000 4.4537e-03 3.4991e-03 5.4020e-03 4.0057e-03 4.8225e-03 4.3404e-03 4.6772e-03 3.6184e-03 5.2983e-03
 179.5000 4.3013e-03 3.3709e-03 5.2168e-03 3.8646e-03 4.6587e-03 4.1880e-03 4.5135e-03 3.4876e-03 5.1170e-03
 180.5000 4.1499e-03 3.2507e-03 5.0381e-03 3.7327e-03 4.4949e-03 4.0407e-03 4.3559e-03 3.3609e-03 4.9419e-03
 181.5000 4.0046e-03 3.1326e-03 4.8673e-03 3.6019e-03 4.3373e-03 3.8996e-03 4.2045e-03 3.2383e-03 4.7751e-03
 182.5000 3.8646e-03 3.0196e-03 4.7042e-03 3.4763e-03 4.1859e-03 3.7636e-03 4.0634e-03 3.1209e-03 4.6144e-03
 183.5000 3.7307e-03 2.9089e-03 4.5460e-03 3.3547e-03 4.0417e-03 3.6328e-03 3.9212e-03 3.0066e-03 4.4599e-03
 184.5000 3.6019e-03 2.8059e-03 4.3887e-03 3.2394e-03 3.9016e-03 3.5082e-03 3.7873e-03 2.8995e-03 4.3054e-03
 185.5000 3.4783e-03 2.7049e-03 4.2425e-03 3.1271e-03 3.7677e-03 3.3866e-03 3.6586e-03 2.7954e-03 4.1622e-03
 186.5000 3.3578e-03 2.6088e-03 4.1016e-03 3.0200e-03 3.6380e-03 3.2672e-03 3.5329e-03 2.6955e-03 4.0242e-03
 187.5000 3.2445e-03 2.5149e-03 3.9643e-03 2.9170e-03 3.5144e-03 3.1549e-03 3.4124e-03 2.5987e-03 3.8903e-03
 188.5000 3.1333e-03 2.4270e-03 3.8342e-03 2.8181e-03 3.3949e-03 3.0478e-03 3.2970e-03 2.5070e-03 3.7626e-03
 189.5000 3.0272e-03 2.3405e-03 3.7077e-03 2.7223e-03 3.2795e-03 2.9448e-03 3.1858e-03 2.4174e-03 3.6390e-03
 190.5000 2.9252e-03 2.2575e-03 3.5845e-03 2.6296e-03 3.1683e-03 2.8449e-03 3.0787e-03 2.3319e-03 3.5185e-03
 191.5000 2.8263e-03 2.1782e-03 3.4671e-03 2.5410e-03 3.0622e-03 2.7491e-03 2.9757e-03 2.2495e-03 3.4031e-03
 192.5000 2.7305e-03 2.1035e-03 3.3567e-03 2.4566e-03 2.9582e-03 2.6574e-03 2.8778e-03 2.1712e-03 3.2950e-03
 193.5000 2.6420e-03 2.0277e-03 3.2456e-03 2.3742e-03 2.8613e-03 2.5688e-03 2.7810e-03 2.0940e-03 3.1868e-03
 194.5000 2.5534e-03 1.9572e-03 3.1376e-03 2.2948e-03 2.7656e-03 2.4823e-03 2.6883e-03 2.0209e-03 3.0807e-03
 195.5000 2.4679e-03 1.8913e-03 3.0369e-03 2.2197e-03 2.6729e-03 2.4009e-03 2.6008e-03 1.9518e-03 2.9819e-03
 196.5000 2.3865e-03 1.8252e-03 2.9388e-03 2.1455e-03 2.5863e-03 2.3206e-03 2.5153e-03 1.8839e-03 2.8850e-03
 197.5000 2.3072e-03 1.7627e-03 2.8448e-03 2.0744e-03 2.4998e-03 2.2444e-03 2.4318e-03 1.8190e-03 2.7934e-03
 198.5000 2.2320e-03 1.7002e-03 2.7550e-03 2.0054e-03 2.4184e-03 2.1682e-03 2.3515e-03 1.7551e-03 2.7058e-03
 199.5000 2.1589e-03 1.6428e-03 2.6678e-03 1.9405e-03 2.3391e-03 2.0971e-03 2.2753e-03 1.6954e-03 2.6203e-03
 200.5000 2.0888e-03 1.5861e-03 2.5827e-03 1.8777e-03 2.2629e-03 2.0281e-03 2.2021e-03 1.6367e-03 2.5369e-03
 201.5000 2.0209e-03 1.5330e-03 2.5017e-03 1.8159e-03 2.1898e-03 1.9622e-03 2.1300e-03 1.5821e-03 2.4576e-03
 202.5000 1.9560e-03 1.4815e-03 2.4214e-03 1.7582e-03 2.1197e-03 1.8983e-03 2.0631e-03 1.5285e-03 2.3783e-03
 203.5000 1.8931e-03 1.4302e-03 2.3459e-03 1.7005e-03 2.0507e-03 1.8365e-03 1.9951e-03 1.4760e-03 2.3051e-03
 204.5000 1.8313e-03 1.3825e-03 2.2725e-03 1.6449e-03 1.9838e-03 1.7778e-03 1.9313e-03 1.4265e-03 2.2330e-03
 205.5000 1.7695e-03 1.3381e-03 2.2029e-03 1.5924e-03 1.9179e-03 1.7211e-03 1.8705e-03 1.3792e-03 2.1640e-03
 206.5000 1.7129e-03 1.2921e-03 2.1344e-03 1.5388e-03 1.8561e-03 1.6645e-03 1.8107e-03 1.3328e-03 2.0971e-03
 207.5000 1.6583e-03 1.2494e-03 2.0683e-03 1.4904e-03 1.7974e-03 1.6109e-03 1.7531e-03 1.2885e-03 2.0322e-03
 208.5000 1.6058e-03 1.2075e-03 2.0045e-03 1.4430e-03 1.7407e-03 1.5594e-03 1.6985e-03 1.2453e-03 1.9694e-03
 209.5000 1.5553e-03 1.1673e-03 1.9424e-03 1.3967e-03 1.6851e-03 1.5100e-03 1.6418e-03 1.2041e-03 1.9096e-03
 210.5000 1.5059e-03 1.1279e-03 1.8828e-03 1.3534e-03 1.6325e-03 1.4616e-03 1.5893e-03 1.1629e-03 1.8509e-03
 211.5000 1.4585e-03 1.0917e-03 1.8251e-03 1.3102e-03 1.5811e-03 1.4152e-03 1.5399e-03 1.1258e-03 1.7943e-03
 212.5000 1.4132e-03 1.0556e-03 1.7692e-03 1.2690e-03 1.5316e-03 1.3709e-03 1.4914e-03 1.0887e-03 1.7397e-03
 213.5000 1.3689e-03 1.0202e-03 1.7159e-03 1.2298e-03 1.4842e-03 1.3287e-03 1.4451e-03 1.0516e-03 1.6871e-03
 214.5000 1.3266e-03 9.8671e-04 1.6614e-03 1.1917e-03 1.4379e-03 1.2865e-03 1.4008e-03 1.0172e-03 1.6336e-03
 215.5000 1.2854e-03 9.5467e-04 1.6129e-03 1.1546e-03 1.3936e-03 1.2463e-03 1.3565e-03 9.8416e-04 1.5862e-03
 216.5000 1.2453e-03 9.2357e-04 1.5648e-03 1.1186e-03 1.3503e-03 1.2072e-03 1.3153e-03 9.5203e-04 1.5388e-03
 217.5000 1.2072e-03 8.9330e-04 1.5173e-03 1.0836e-03 1.3081e-03 1.1711e-03 1.2751e-03 9.2092e-04 1.4925e-03
 218.5000 1.1691e-03 8.6475e-04 1.4717e-03 1.0506e-03 1.2679e-03 1.1340e-03 1.2360e-03 8.9095e-04 1.4471e-03
 219.5000 1.1330e-03 8.3653e-04 1.4278e-03 1.0177e-03 1.2288e-03 1.0980e-03 1.1989e-03 8.6211e-04 1.4039e-03
 220.5000 1.0980e-03 8.0968e-04 1.3844e-03 9.8622e-04 1.1896e-03 1.0640e-03 1.1618e-03 8.3440e-04 1.3617e-03
 221.5000 1.0640e-03 7.8401e-04 1.3447e-03 9.5584e-04 1.1536e-03 1.0321e-03 1.1268e-03 8.0773e-04 1.3225e-03
 222.5000 1.0321e-03 7.5884e-04 1.3047e-03 9.2679e-04 1.1186e-03 1.0000e-03 1.0928e-03 7.8198e-04 1.2834e-03
 223.5000 1.0008e-03 7.3441e-04 1.2659e-03 8.9868e-04 1.0846e-03 9.6985e-04 1.0599e-03 7.5674e-04 1.2453e-03
 224.5000 9.7016e-04 7.1033e-04 1.2283e-03 8.7087e-04 1.0516e-03 9.3864e-04 1.0278e-03 7.3212e-04 1.2082e-03
 225.5000 9.4060e-04 6.8826e-04 1.1926e-03 8.4450e-04 1.0197e-03 9.1103e-04 9.9673e-04 7.0915e-04 1.1732e-03
 226.5000 9.1176e-04 6.6664e-04 1.1580e-03 8.1875e-04 9.8839e-04 8.8220e-04 9.6707e-04 6.8691e-04 1.1392e-03
 227.5000 8.8446e-04 6.4505e-04 1.1235e-03 7.9403e-04 9.5883e-04 8.5572e-04 9.3833e-04 6.6466e-04 1.1052e-03
 228.5000 8.5778e-04 6.2497e-04 1.0910e-03 7.7013e-04 9.2988e-04 8.2956e-04 9.1021e-04 6.4396e-04 1.0733e-03
 229.5000 8.3214e-04 6.0535e-04 1.0596e-03 7.4685e-04 9.0228e-04 8.0495e-04 8.8343e-04 6.2377e-04 1.0424e-03
 230.5000 8.0762e-04 5.8550e-04 1.0283e-03 7.2471e-04 8.7560e-04 7.8105e-04 8.5799e-04 6.0327e-04 1.0115e-03
 231.5000 7.8373e-04 5.6790e-04 9.9848e-04 7.0349e-04 8.4944e-04 7.5715e-04 8.3193e-04 5.8514e-04 9.8241e-04
 232.5000 7.6014e-04 5.5054e-04 9.6867e-04 6.8237e-04 8.2410e-04 7.3429e-04 8.0721e-04 5.6722e-04 9.5296e-04
 233.5000 7.3727e-04 5.3312e-04 9.3996e-04 6.6157e-04 7.9918e-04 7.1255e-04 7.8321e-04 5.4930e-04 9.2473e-04
 234.5000 7.1544e-04 5.1644e-04 9.1355e-04 6.4220e-04 7.7590e-04 6.9123e-04 7.6035e-04 5.3200e-04 8.9868e-04
 235.5000 6.9401e-04 5.0003e-04 8.8744e-04 6.2305e-04 7.5252e-04 6.6981e-04 7.3810e-04 5.1510e-04 8.7303e-04
 236.5000 6.7372e-04 4.8473e-04 8.6197e-04 6.0461e-04 7.3037e-04 6.4983e-04 7.1636e-04 4.9945e-04 8.4810e-04
 237.5000 6.5364e-04 4.6971e-04 8.3757e-04 5.8648e-04 7.0854e-04 6.3036e-04 6.9597e-04 4.8400e-04 8.2400e-04
 238.5000 6.3427e-04 4.5522e-04 8.1333e-04 5.6918e-04 6.8794e-04 6.1203e-04 6.7527e-04 4.6896e-04 8.0010e-04
 239.5000 6.1553e-04 4.4121e-04 7.9025e-04 5.5249e-04 6.6754e-04 5.9400e-04 6.5601e-04 4.5444e-04 7.7734e-04
 240.5000 5.9781e-04 4.2751e-04 7.6740e-04 5.3632e-04 6.4818e-04 5.7577e-04 6.3592e-04 4.4053e-04 7.5520e-04
 241.5000 5.8020e-04 4.1469e-04 7.4568e-04 5.2067e-04 6.2912e-04 5.5888e-04 6.1810e-04 4.2724e-04 7.3367e-04
 242.5000 5.6351e-04 4.0173e-04 7.2459e-04 5.0563e-04 6.1110e-04 5.4219e-04 6.0059e-04 4.1396e-04 7.1286e-04
 243.5000 5.4703e-04 3.8960e-04 7.0422e-04 4.9100e-04 5.9318e-04 5.2623e-04 5.8319e-04 4.0139e-04 6.9288e-04
 244.5000 5.3107e-04 3.7774e-04 6.8399e-04 4.7658e-04 5.7587e-04 5.1119e-04 5.6619e-04 3.8913e-04 6.7300e-04
 245.5000 5.1603e-04 3.6612e-04 6.6486e-04 4.6288e-04 5.5950e-04 4.9605e-04 5.5043e-04 3.7729e-04 6.5415e-04
 246.5000 5.0068e-04 3.5476e-04 6.4629e-04 4.4918e-04 5.4302e-04 4.8122e-04 5.3457e-04 3.6555e-04 6.3582e-04
 247.5000 4.8616e-04 3.4396e-04 6.2815e-04 4.3610e-04 5.2715e-04 4.6721e-04 5.1933e-04 3.5442e-04 6.1800e-04
 248.5000 4.7195e-04 3.3350e-04 6.1005e-04 4.2343e-04 5.1181e-04 4.5341e-04 5.0418e-04 3.4361e-04 6.0018e-04
 249.5000 4.5845e-04 3.2349e-04 5.9276e-04 4.1128e-04 4.9718e-04 4.4033e-04 4.8977e-04 3.3331e-04 5.8319e-04
 250.5000 4.4517e-04 3.1362e-04 5.7609e-04 3.9933e-04 4.8276e-04 4.2766e-04 4.7565e-04 3.2311e-04 5.6681e-04
 251.5000 4.3260e-04 3.0403e-04 5.6002e-04 3.8800e-04 4.6927e-04 4.1488e-04 4.6196e-04 3.1333e-04 5.5105e-04
 252.5000 4.2003e-04 2.9491e-04 5.4390e-04 3.7677e-04 4.5557e-04 4.0314e-04 4.4908e-04 3.0385e-04 5.3509e-04
 253.5000 4.0798e-04 2.8610e-04 5.2864e-04 3.6596e-04 4.4249e-04 3.9140e-04 4.3641e-04 2.9479e-04 5.2005e-04
 254.5000 3.9614e-04 2.7762e-04 5.1404e-04 3.5535e-04 4.2972e-04 3.8007e-04 4.2415e-04 2.8603e-04 5.0563e-04
 255.5000 3.8460e-04 2.6905e-04 4.9986e-04 3.4495e-04 4.1715e-04 3.6915e-04 4.1200e-04 2.7717e-04 4.9172e-04
 256.5000 3.7389e-04 2.6082e-04 4.8603e-04 3.3537e-04 4.0551e-04 3.5834e-04 4.0016e-04 2.6873e-04 4.7823e-04
 257.5000 3.6318e-04 2.5310e-04 4.7254e-04 3.2569e-04 3.9387e-04 3.4804e-04 3.8893e-04 2.6080e-04 4.6494e-04
 258.5000 3.5288e-04 2.4532e-04 4.5928e-04 3.1642e-04 3.8275e-04 3.3815e-04 3.7801e-04 2.5276e-04 4.5186e-04
 259.5000 3.4258e-04 2.3817e-04 4.4633e-04 3.0745e-04 3.7162e-04 3.2795e-04 3.6719e-04 2.4535e-04 4.3909e-04
 260.5000 3.3300e-04 2.3084e-04 4.3419e-04 2.9849e-04 3.6122e-04 3.1858e-04 3.5710e-04 2.3793e-04 4.2714e-04
 261.5000 3.2332e-04 2.2402e-04 4.2277e-04 2.8995e-04 3.5071e-04 3.0951e-04 3.4752e-04 2.3082e-04 4.1581e-04
 262.5000 3.1405e-04 2.1742e-04 4.1064e-04 2.8160e-04 3.4072e-04 3.0066e-04 3.3753e-04 2.2403e-04 4.0386e-04
 263.5000 3.0519e-04 2.1094e-04 3.9901e-04 2.7367e-04 3.3094e-04 2.9211e-04 3.2816e-04 2.1733e-04 3.9243e-04
 264.5000 2.9654e-04 2.0461e-04 3.8829e-04 2.6595e-04 3.2167e-04 2.8346e-04 3.1920e-04 2.1084e-04 3.8182e-04
 265.5000 2.8819e-04 1.9837e-04 3.7768e-04 2.5832e-04 3.1271e-04 2.7542e-04 3.0972e-04 2.0446e-04 3.7152e-04
 266.5000 2.7975e-04 1.9271e-04 3.6729e-04 2.5080e-04 3.0354e-04 2.6749e-04 3.0117e-04 1.9858e-04 3.6122e-04
 267.5000 2.7223e-04 1.8676e-04 3.5721e-04 2.4380e-04 2.9509e-04 2.5966e-04 2.9283e-04 1.9261e-04 3.5144e-04
 268.5000 2.6430e-04 1.8143e-04 3.4721e-04 2.3680e-04 2.8655e-04 2.5235e-04 2.8459e-04 1.8705e-04 3.4155e-04
 269.5000 2.5688e-04 1.7611e-04 3.3795e-04 2.3031e-04 2.7862e-04 2.4535e-04 2.7686e-04 1.8149e-04 3.3238e-04
 270.5000 2.4957e-04 1.7071e-04 3.2857e-04 2.2372e-04 2.7079e-04 2.3834e-04 2.6914e-04 1.7592e-04 3.2311e-04
 271.5000 2.4267e-04 1.6583e-04 3.1982e-04 2.1754e-04 2.6327e-04 2.3175e-04 2.6162e-04 1.7088e-04 3.1456e-04
 272.5000 2.3587e-04 1.6082e-04 3.1115e-04 2.1146e-04 2.5595e-04 2.2506e-04 2.5441e-04 1.6573e-04 3.0601e-04
 273.5000 2.2918e-04 1.5609e-04 3.0248e-04 2.0549e-04 2.4833e-04 2.1836e-04 2.4730e-04 1.6089e-04 2.9757e-04
 274.5000 2.2269e-04 1.5150e-04 2.9435e-04 1.9961e-04 2.4164e-04 2.1228e-04 2.4061e-04 1.5615e-04 2.8943e-04
 275.5000 2.1630e-04 1.4710e-04 2.8662e-04 1.9385e-04 2.3474e-04 2.0631e-04 2.3402e-04 1.5162e-04 2.8181e-04
 276.5000 2.1033e-04 1.4269e-04 2.7860e-04 1.8849e-04 2.2815e-04 2.0044e-04 2.2742e-04 1.4708e-04 2.7398e-04
 277.5000 2.0435e-04 1.3851e-04 2.7125e-04 1.8324e-04 2.2176e-04 1.9457e-04 2.2135e-04 1.4276e-04 2.6667e-04
 278.5000 1.9858e-04 1.3460e-04 2.6385e-04 1.7798e-04 2.1558e-04 1.8921e-04 2.1527e-04 1.3874e-04 2.5935e-04
 279.5000 1.9323e-04 1.3039e-04 2.5660e-04 1.7314e-04 2.0971e-04 1.8396e-04 2.0940e-04 1.3442e-04 2.5225e-04
 280.5000 1.8777e-04 1.2651e-04 2.5000e-04 1.6830e-04 2.0373e-04 1.7871e-04 2.0373e-04 1.3040e-04 2.4576e-04
 281.5000 1.8252e-04 1.2288e-04 2.4278e-04 1.6346e-04 1.9807e-04 1.7376e-04 1.9797e-04 1.2669e-04 2.3865e-04
 282.5000 1.7757e-04 1.1926e-04 2.3616e-04 1.5914e-04 1.9261e-04 1.6861e-04 1.9261e-04 1.2298e-04 2.3216e-04
 283.5000 1.7263e-04 1.1583e-04 2.2974e-04 1.5460e-04 1.8736e-04 1.6387e-04 1.8746e-04 1.1948e-04 2.2578e-04
 284.5000 1.6779e-04 1.1239e-04 2.2353e-04 1.5038e-04 1.8210e-04 1.5934e-04 1.8221e-04 1.1588e-04 2.1970e-04
 285.5000 1.6305e-04 1.0906e-04 2.1756e-04 1.4605e-04 1.7695e-04 1.5481e-04 1.7716e-04 1.1248e-04 2.1383e-04
 286.5000 1.5862e-04 1.0599e-04 2.1160e-04 1.4214e-04 1.7222e-04 1.5059e-04 1.7232e-04 1.0928e-04 2.0796e-04
 287.5000 1.5440e-04 1.0283e-04 2.0594e-04 1.3833e-04 1.6758e-04 1.4616e-04 1.6779e-04 1.0609e-04 2.0240e-04
 288.5000 1.5007e-04 9.9947e-05 2.0040e-04 1.3452e-04 1.6284e-04 1.4204e-04 1.6326e-04 1.0310e-04 1.9694e-04
 289.5000 1.4585e-04 9.7040e-05 1.9484e-04 1.3071e-04 1.5821e-04 1.3812e-04 1.5872e-04 1.0010e-04 1.9148e-04
 290.5000 1.4183e-04 9.4200e-05 1.8971e-04 1.2710e-04 1.5388e-04 1.3421e-04 1.5440e-04 9.7181e-05 1.8643e-04
 291.5000 1.3792e-04 9.1460e-05 1.8458e-04 1.2350e-04 1.4966e-04 1.3040e-04 1.5017e-04 9.4400e-05 1.8138e-04
 292.5000 1.3400e-04 8.8832e-05 1.7948e-04 1.2010e-04 1.4533e-04 1.2659e-04 1.4616e-04 9.1670e-05 1.7634e-04
 293.5000 1.3009e-04 8.6292e-05 1.7475e-04 1.1670e-04 1.4121e-04 1.2308e-04 1.4224e-04 8.8982e-05 1.7160e-04
 294.5000 1.2679e-04 8.3506e-05 1.6988e-04 1.1351e-04 1.3740e-04 1.1958e-04 1.3823e-04 8.6232e-05 1.6696e-04
 295.5000 1.2308e-04 8.1231e-05 1.6512e-04 1.1031e-04 1.3359e-04 1.1629e-04 1.3462e-04 8.3811e-05 1.6212e-04
 296.5000 1.1979e-04 7.8879e-05 1.6071e-04 1.0733e-04 1.2999e-04 1.1299e-04 1.3102e-04 8.1422e-05 1.5780e-04
 297.5000 1.1639e-04 7.6623e-05 1.5644e-04 1.0434e-04 1.2638e-04 1.0990e-04 1.2741e-04 7.9052e-05 1.5357e-04
 298.5000 1.1299e-04 7.4376e-05 1.5239e-04 1.0122e-04 1.2267e-04 1.0671e-04 1.2401e-04 7.6756e-05 1.4956e-04
 299.5000 1.0990e-04 7.2194e-05 1.4809e-04 9.8437e-05 1.1927e-04 1.0352e-04 1.2061e-04 7.4551e-05 1.4533e-04
