 0.010   229592.453125        0.098800
 0.011   230169.890625        0.104600
 0.012   229835.234375        0.103700
 0.013   230124.718750        0.102600
 0.014   229866.546875        0.101700
 0.015   230037.515625        0.104400
 0.016   230152.328125        0.103700
 0.017   229442.031250        0.103400
 0.018   229692.468750        0.100300
 0.019   229626.390625        0.099400
 0.020   230064.875000        0.101000
 0.021   229976.046875        0.098000
 0.022   231131.546875        0.099500
 0.023   229972.843750        0.104700
 0.024   230766.734375        0.103000
 0.025   230050.218750        0.104100
 0.026   229594.609375        0.106600
 0.027   229051.640625        0.097900
 0.028   230295.984375        0.100900
 0.029   230066.812500        0.096900
 0.030   230159.578125        0.104100
 0.031   229983.718750        0.102300
 0.032   229976.031250        0.101500
 0.033   229423.375000        0.102700
 0.034   230212.281250        0.104800
 0.035   229761.093750        0.102700
 0.036   229812.015625        0.101700
 0.037   228947.812500        0.108300
 0.038   229950.531250        0.097900
 0.039   230228.203125        0.105900
 0.040   230520.453125        0.104300
 0.041   230182.984375        0.103700
 0.042   229099.781250        0.098300
 0.043   229764.718750        0.100300
 0.044   229896.250000        0.098300
 0.045   229222.468750        0.101500
 0.046   229082.609375        0.104000
 0.047   230326.687500        0.102700
 0.048   229711.156250        0.106700
 0.049   229484.546875        0.106700
 0.050   230658.093750        0.104100
 0.051   230402.250000        0.103500
 0.052   229815.656250        0.107100
 0.053   230706.937500        0.101600
 0.054   225035.890625        0.098300
 0.055   229830.281250        0.101900
 0.056   230054.296875        0.103700
 0.057   231102.203125        0.103500
 0.058   229253.703125        0.106700
 0.059   229953.703125        0.098300
 0.060   230044.625000        0.101700
 0.061   229462.500000        0.096100
 0.062   229285.703125        0.100600
 0.063   230246.812500        0.104800
 0.064   230332.546875        0.098800
 0.065   229707.859375        0.104100
 0.066   230239.843750        0.101100
 0.067   228942.031250        0.101700
 0.068   230292.671875        0.102100
 0.069   229264.078125        0.105100
 0.070   229901.062500        0.100700
 0.071   230072.171875        0.105300
 0.072   229032.250000        0.100500
 0.073   230376.578125        0.104300
 0.074   229699.890625        0.102800
 0.075   230225.640625        0.100200
 0.076   229134.140625        0.104200
 0.077   230306.421875        0.100400
 0.078   229947.906250        0.103500
 0.079   229450.125000        0.099000
 0.080   229990.453125        0.106300
 0.081   229860.703125        0.102600
 0.082   229854.250000        0.102900
 0.083   230172.781250        0.102600
 0.084   230327.390625        0.103300
 0.085   229595.437500        0.102500
 0.086   229300.390625        0.105100
 0.087   228972.078125        0.104700
 0.088   230407.312500        0.103900
 0.089   229587.093750        0.098400
 0.090   229205.687500        0.103600
 0.091   230671.718750        0.099100
 0.092   229688.359375        0.099200
 0.093   229626.484375        0.103400
 0.094   229910.859375        0.101000
 0.095   230373.843750        0.100300
 0.096   229866.281250        0.103000
 0.097   230516.328125        0.100900
 0.098   230175.281250        0.105400
 0.099   228570.062500        0.102200
 0.100   229507.765625        0.102800
 0.101   229554.625000        0.097500
 0.102   229980.578125        0.101800
 0.103   230530.500000        0.100300
 0.104   230831.125000        0.100500
 0.105   229976.796875        0.099000
 0.106   230055.578125        0.102500
 0.107   229783.281250        0.107400
 0.108   229426.906250        0.100400
 0.109   229803.796875        0.103400
 0.110   230127.843750        0.101200
 0.111   230342.109375        0.100400
 0.112   229558.812500        0.107400
 0.113   230162.437500        0.100600
 0.114   229234.265625        0.101800
 0.115   229736.390625        0.101600
 0.116   229394.953125        0.099100
 0.117   229938.093750        0.101400
 0.118   229616.453125        0.101000
 0.119   230002.453125        0.098900
 0.120   230315.453125        0.101100
 0.121   230385.281250        0.102900
 0.122   230065.640625        0.106200
 0.123   230067.125000        0.103600
 0.124   229854.046875        0.102800
 0.125   229299.000000        0.101600
 0.126   230217.000000        0.111000
 0.127   230363.312500        0.095000
 0.128   229555.218750        0.095700
 0.129   229928.406250        0.105100
 0.130   229734.312500        0.103400
 0.131   229869.625000        0.099700
 0.132   229683.984375        0.103700
 0.133   229568.500000        0.097600
 0.134   229988.750000        0.102200
 0.135   231049.843750        0.101700
 0.136   229965.828125        0.104600
 0.137   229273.359375        0.104600
 0.138   230181.656250        0.101700
 0.139   229161.375000        0.097200
 0.140   229448.859375        0.104700
 0.141   230444.015625        0.101400
 0.142   229434.125000        0.103200
 0.143   229805.609375        0.097900
 0.144   229396.750000        0.099200
 0.145   229810.890625        0.102600
 0.146   230117.718750        0.101700
 0.147   230622.593750        0.101200
 0.148   229722.312500        0.099500
 0.149   229655.812500        0.104000
 0.150   230265.796875        0.096700
 0.151   229619.343750        0.100700
 0.152   230327.031250        0.100200
 0.153   230638.140625        0.100100
 0.154   229982.859375        0.107400
 0.155   229561.625000        0.100800
 0.156   229815.062500        0.104600
 0.157   229524.968750        0.102500
 0.158   229892.187500        0.107600
 0.160   229559.109375        0.102000
 0.161   230859.531250        0.104500
 0.162   230497.375000        0.096000
 0.163   228871.906250        0.102500
 0.164   229673.593750        0.100100
 0.165   229776.125000        0.105800
 0.166   229608.000000        0.103900
 0.167   229792.281250        0.099900
 0.169   229777.500000        0.097700
 0.170   229516.484375        0.100400
 0.171   229739.484375        0.101200
 0.172   229779.000000        0.092500
 0.173   229827.546875        0.101200
 0.175   229930.875000        0.100600
 0.176   230041.531250        0.101200
 0.177   230039.953125        0.098000
 0.178   230041.703125        0.101500
 0.179   229807.687500        0.097600
 0.181   230141.187500        0.097000
 0.182   229904.171875        0.104000
 0.183   229943.453125        0.104300
 0.185   229972.890625        0.099600
 0.186   229850.359375        0.102600
 0.187   229714.734375        0.097000
 0.188   229818.906250        0.102900
 0.190   229874.718750        0.101400
 0.191   229563.906250        0.099700
 0.192   229954.984375        0.099700
 0.194   230035.562500        0.102200
 0.195   229687.968750        0.106500
 0.196   229385.671875        0.103600
 0.198   230293.453125        0.096700
 0.199   229791.937500        0.098900
 0.200   229452.718750        0.101500
 0.202   230418.281250        0.100400
 0.203   230188.796875        0.099400
 0.205   229411.375000        0.099500
 0.206   230440.562500        0.090700
 0.207   229520.703125        0.097600
 0.209   229532.265625        0.097400
 0.210   229499.406250        0.098800
 0.212   230034.031250        0.099600
 0.213   230292.890625        0.097800
 0.215   231088.765625        0.096600
 0.216   229262.875000        0.101600
 0.218   230147.406250        0.096100
 0.219   230276.578125        0.096600
 0.221   229100.046875        0.097300
 0.222   229657.890625        0.101500
 0.224   230193.484375        0.097100
 0.225   230078.875000        0.104000
 0.227   229692.156250        0.099900
 0.229   230203.250000        0.101500
 0.230   229561.031250        0.099200
 0.232   228706.031250        0.104400
 0.233   229370.000000        0.101100
 0.235   229038.359375        0.097500
 0.237   230150.781250        0.100200
 0.238   230072.765625        0.103600
 0.240   230514.312500        0.100400
 0.242   228531.468750        0.096100
 0.243   229212.093750        0.097900
 0.245   228619.546875        0.101700
 0.247   229302.265625        0.101800
 0.248   229419.296875        0.099200
 0.250   229913.640625        0.101900
 0.252   230042.078125        0.102600
 0.254   229073.187500        0.095300
 0.255   229914.281250        0.096700
 0.257   229642.421875        0.094900
 0.259   230494.031250        0.100400
 0.261   229884.796875        0.093400
 0.262   229445.343750        0.094100
 0.264   230084.593750        0.095200
 0.266   228290.140625        0.101200
 0.268   229334.000000        0.097000
 0.270   228934.234375        0.105300
 0.272   229680.093750        0.098200
 0.274   229247.437500        0.100500
 0.275   229315.500000        0.100900
 0.277   230416.765625        0.094200
 0.279   229549.703125        0.100000
 0.281   229312.296875        0.098100
 0.283   229367.453125        0.100100
 0.285   228960.484375        0.097400
 0.287   229879.593750        0.097900
 0.289   230151.921875        0.098000
 0.291   229722.796875        0.098300
 0.293   229801.687500        0.092800
 0.295   230360.734375        0.096900
 0.297   229061.546875        0.099300
 0.299   229718.171875        0.100300
 0.301   229928.218750        0.098300
 0.303   230146.515625        0.093400
 0.305   230021.671875        0.100200
 0.308   229975.187500        0.099800
 0.310   229980.687500        0.095000
 0.312   229459.796875        0.093300
 0.314   229237.671875        0.096500
 0.316   230003.625000        0.091400
 0.318   230176.625000        0.098900
 0.321   229557.296875        0.095600
 0.323   228752.734375        0.101400
 0.325   229706.312500        0.095500
 0.327   229610.734375        0.096100
 0.330   228977.703125        0.093600
 0.332   229616.828125        0.093300
 0.334   228998.140625        0.094900
 0.337   229123.000000        0.098900
 0.339   229586.781250        0.098500
 0.341   229431.500000        0.094300
 0.344   229554.609375        0.094000
 0.346   229480.093750        0.095300
 0.348   230304.140625        0.097000
 0.351   228818.328125        0.097500
 0.353   229531.625000        0.100600
 0.356   229061.062500        0.097200
 0.358   229287.500000        0.095400
 0.361   229822.218750        0.097400
 0.363   229206.109375        0.093400
 0.366   229782.718750        0.099800
 0.368   228564.625000        0.092800
 0.371   229289.765625        0.099700
 0.373   229851.031250        0.094800
 0.376   229368.750000        0.098100
 0.378   229035.718750        0.096600
 0.381   228921.328125        0.093500
 0.384   229725.500000        0.097200
 0.386   229270.890625        0.096200
 0.389   228821.281250        0.094300
 0.392   229738.312500        0.101000
 0.394   229719.125000        0.096100
 0.397   228771.656250        0.099000
 0.400   229216.890625        0.091800
 0.403   228177.562500        0.092400
 0.406   227971.250000        0.097600
 0.408   228886.625000        0.099100
 0.411   228910.296875        0.095700
 0.414   228699.406250        0.094500
 0.417   228157.687500        0.100400
 0.420   228890.281250        0.094900
 0.423   228394.343750        0.096800
 0.426   229370.937500        0.092700
 0.429   227696.984375        0.095300
 0.432   228568.718750        0.095100
 0.435   227930.421875        0.097200
 0.438   229299.171875        0.100700
 0.441   228265.843750        0.093600
 0.444   227907.421875        0.092300
 0.447   228059.390625        0.096600
 0.450   228520.562500        0.094700
 0.453   228556.000000        0.093000
 0.456   228213.703125        0.093500
 0.459   226990.859375        0.089900
 0.462   227984.593750        0.091600
 0.466   229164.140625        0.095100
 0.469   228333.937500        0.093000
 0.472   228737.453125        0.092900
 0.475   227618.265625        0.089200
 0.479   227006.734375        0.091600
 0.482   227793.906250        0.091100
 0.485   227009.781250        0.090300
 0.489   228259.984375        0.096200
 0.492   227752.156250        0.094400
 0.495   228369.343750        0.088700
 0.499   228070.031250        0.098000
 0.502   227418.359375        0.092900
 0.506   227653.703125        0.095000
 0.509   227270.390625        0.093900
 0.513   228143.187500        0.091500
 0.516   226423.453125        0.089500
 0.520   227471.593750        0.087100
 0.524   226577.968750        0.088900
 0.527   226772.406250        0.089400
 0.531   227030.421875        0.090200
 0.535   226196.734375        0.090200
 0.538   226916.781250        0.092000
 0.542   226303.140625        0.089700
 0.546   227124.046875        0.087700
 0.550   226712.640625        0.089600
 0.553   226321.171875        0.088800
 0.557   226499.734375        0.089800
 0.561   226115.796875        0.086400
 0.565   225554.796875        0.085600
 0.569   225815.968750        0.088600
 0.573   226805.453125        0.093600
 0.577   224906.343750        0.086000
 0.581   225717.765625        0.089300
 0.585   225335.593750        0.087900
 0.589   225002.890625        0.090500
 0.593   224570.218750        0.090100
 0.597   224267.953125        0.086900
 0.601   224348.265625        0.093700
 0.605   225357.843750        0.086400
 0.610   224561.562500        0.088600
 0.614   223629.796875        0.091100
 0.618   224348.859375        0.087600
 0.622   224265.031250        0.086900
 0.627   223362.421875        0.087700
 0.631   223532.953125        0.085300
 0.635   223229.187500        0.086300
 0.640   223556.453125        0.090400
 0.644   223617.312500        0.091100
 0.649   222477.968750        0.087700
 0.653   222952.609375        0.089200
 0.658   223037.171875        0.085600
 0.662   222469.109375        0.087600
 0.667   221617.531250        0.089500
 0.671   222046.609375        0.084800
 0.676   220917.031250        0.082000
 0.681   221389.593750        0.087300
 0.685   221361.875000        0.082200
 0.690   219999.875000        0.091000
 0.695   220638.203125        0.084700
 0.700   219079.687500        0.082400
 0.705   219594.093750        0.085900
 0.710   219834.062500        0.080300
 0.714   219068.968750        0.086300
 0.719   219611.812500        0.086600
 0.724   218163.984375        0.082500
 0.729   218024.281250        0.079600
 0.735   218196.843750        0.085500
 0.740   217379.375000        0.080600
 0.745   216855.484375        0.088000
 0.750   216228.921875        0.082900
 0.755   215727.468750        0.084900
 0.760   215462.406250        0.082700
 0.766   214787.890625        0.080900
 0.771   214447.625000        0.088600
 0.776   215196.703125        0.086500
 0.782   214092.296875        0.086100
 0.787   212787.062500        0.079400
 0.793   212850.578125        0.080500
 0.798   212323.812500        0.083800
 0.804   210813.531250        0.086600
 0.809   210586.546875        0.084600
 0.815   210547.562500        0.080900
 0.820   210034.656250        0.086200
 0.826   209398.390625        0.079200
 0.832   208159.734375        0.086400
 0.838   207643.062500        0.077200
 0.843   207250.140625        0.085800
 0.849   205426.250000        0.083400
 0.855   205702.515625        0.088400
 0.861   204757.515625        0.079000
 0.867   203735.843750        0.080000
 0.873   202722.671875        0.083900
 0.879   201798.875000        0.081200
 0.885   200925.296875        0.082200
 0.891   200414.125000        0.080200
 0.897   198846.812500        0.076100
 0.904   197919.828125        0.079800
 0.910   196763.765625        0.078000
 0.916   195456.734375        0.079200
 0.923   193981.687500        0.081600
 0.929   193136.265625        0.079200
 0.935   192290.296875        0.082100
 0.942   189595.453125        0.083200
 0.948   189285.171875        0.081000
 0.955   186721.156250        0.081300
 0.962   184625.156250        0.080100
 0.968   183868.843750        0.084200
 0.975   181715.921875        0.083900
 0.982   178872.578125        0.078300
 0.989   176871.984375        0.079800
 0.995   173978.734375        0.079900
 1.002   171174.281250        0.084400
 1.009   167605.390625        0.095100
 1.016   165868.031250        0.087100
 1.023   161080.750000        0.084700
 1.030   158430.843750        0.081800
 1.038   155057.609375        0.085700
 1.045   152930.234375        0.089700
 1.052   149470.765625        0.087800
 1.059   146582.156250        0.096500
 1.067   144432.406250        0.087400
 1.074   141379.140625        0.091600
 1.081   139532.406250        0.091200
 1.089   136248.718750        0.095200
 1.096   133423.906250        0.087600
 1.104   131507.828125        0.090200
 1.112   128368.351562        0.097600
 1.119   126774.757812        0.096900
 1.127   124918.437500        0.097100
 1.135   122165.773438        0.100800
 1.143   119794.976562        0.098800
 1.151   117684.421875        0.096000
 1.159   115268.562500        0.103400
 1.167   113762.101562        0.100800
 1.175   111339.125000        0.103800
 1.183   109674.718750        0.106800
 1.191   107312.531250        0.102100
 1.199   105912.343750        0.107400
 1.208   103705.359375        0.108700
 1.216   102034.968750        0.104100
 1.225   100420.453125        0.109600
 1.233    98361.203125        0.110000
 1.242    96742.804688        0.104300
 1.250    95127.960938        0.110700
 1.259    93325.070312        0.109400
 1.268    91720.437500        0.111300
 1.276    89935.812500        0.111900
 1.285    88227.882812        0.110700
 1.294    86944.757812        0.115300
 1.303    85039.367188        0.115300
 1.312    83748.445312        0.109300
 1.321    82483.906250        0.116000
 1.330    81217.898438        0.119300
 1.340    79573.062500        0.116800
 1.349    78025.414062        0.115600
 1.358    76636.937500        0.130000
 1.368    75583.789062        0.115200
 1.377    74326.570312        0.121200
 1.387    73229.195312        0.119700
 1.396    72056.289062        0.119600
 1.406    70622.351562        0.124400
 1.416    69385.921875        0.126000
 1.426    68277.195312        0.115800
 1.435    67303.117188        0.128700
 1.445    66258.679688        0.129100
 1.455    64983.875000        0.128500
 1.466    63821.019531        0.124200
 1.476    62894.015625        0.129900
 1.486    61898.984375        0.129300
 1.496    60803.863281        0.130800
 1.507    59852.695312        0.129600
 1.517    58856.222656        0.135400
 1.528    58029.746094        0.135700
 1.538    57033.820312        0.126900
 1.549    56034.386719        0.139300
 1.560    55280.285156        0.130500
 1.570    54411.359375        0.139700
 1.581    53692.671875        0.136500
 1.592    52822.089844        0.139500
 1.603    51843.734375        0.135400
 1.614    51037.007812        0.140300
 1.626    50173.691406        0.143200
 1.637    49446.082031        0.141200
 1.648    48795.781250        0.136800
 1.660    47919.148438        0.145400
 1.671    47331.972656        0.135700
 1.683    46544.472656        0.145200
 1.694    45726.406250        0.141200
 1.706    45102.644531        0.142600
 1.718    44523.617188        0.144500
 1.730    43778.445312        0.144400
 1.742    43060.855469        0.149900
 1.754    42445.535156        0.147000
 1.766    41787.605469        0.146400
 1.778    41222.089844        0.146500
 1.791    40435.316406        0.150200
 1.803    39998.246094        0.142400
 1.816    39347.187500        0.154700
 1.828    38746.777344        0.154200
 1.841    38202.656250        0.149600
 1.854    37588.835938        0.151700
 1.866    37013.730469        0.149900
 1.879    36568.125000        0.154400
 1.892    36042.660156        0.156800
 1.905    35453.027344        0.151400
 1.919    34945.906250        0.158000
 1.932    34479.589844        0.160900
 1.945    34062.332031        0.158400
 1.959    33403.632812        0.161500
 1.972    32911.035156        0.157600
 1.986    32543.666016        0.158200
 2.000    32000.875000        0.158600
 2.014    31546.425781        0.156500
 2.028    31075.185547        0.165600
 2.042    30710.687500        0.158100
 2.056    30306.916016        0.168300
 2.070    29742.341797        0.159900
 2.084    29466.312500        0.161000
 2.099    28886.435547        0.163100
 2.113    28536.587891        0.164200
 2.128    28189.699219        0.159400
 2.143    27750.078125        0.167000
 2.158    27380.562500        0.175100
 2.173    26963.302734        0.167900
 2.188    26614.107422        0.168500
 2.203    26225.126953        0.168400
 2.218    25898.318359        0.168900
 2.234    25473.929688        0.164500
 2.249    25100.863281        0.170000
 2.265    24728.941406        0.170800
 2.280    24493.152344        0.173200
 2.296    24089.042969        0.174000
 2.312    23730.525391        0.175800
 2.328    23429.876953        0.167600
 2.344    23098.158203        0.176700
 2.360    22829.031250        0.170300
 2.377    22452.789062        0.171100
 2.393    22109.253906        0.175800
 2.410    21831.193359        0.174100
 2.427    21502.865234        0.180300
 2.443    21230.759766        0.179700
 2.460    21003.421875        0.181100
 2.477    20662.537109        0.181100
 2.495    20409.542969        0.176800
 2.512    20062.486328        0.180000
 2.529    19847.880859        0.177700
 2.547    19556.490234        0.183200
 2.564    19283.667969        0.188000
 2.582    19036.453125        0.179300
 2.600    18723.882812        0.189400
 2.618    18554.619141        0.189000
 2.636    18272.031250        0.185800
 2.655    18027.634766        0.187700
 2.673    17785.300781        0.191400
 2.692    17578.666016        0.190200
 2.710    17360.929688        0.184600
 2.729    17083.300781        0.181500
 2.748    16870.982422        0.188500
 2.767    16648.341797        0.187900
 2.786    16382.161133        0.189700
 2.805    16187.626953        0.191600
 2.825    15983.966797        0.191100
 2.844    15796.677734        0.194500
 2.864    15555.863281        0.190900
 2.884    15372.838867        0.198400
 2.904    15159.273438        0.192300
 2.924    14935.564453        0.198500
 2.944    14787.351562        0.192000
 2.965    14512.293945        0.197200
 2.985    14382.878906        0.194400
 3.006    14197.053711        0.196500
 3.027    13982.621094        0.200600
 3.048    13781.329102        0.196700
 3.069    13636.075195        0.195100
 3.090    13460.099609        0.200200
 3.112    13283.730469        0.201000
 3.133    13113.282227        0.207200
 3.155    12945.240234        0.211700
 3.177    12776.171875        0.201400
 3.199    12608.585938        0.205000
 3.221    12432.822266        0.206500
 3.243    12285.064453        0.210800
 3.266    12132.011719        0.207900
 3.289    11944.246094        0.206200
 3.311    11813.682617        0.209800
 3.334    11674.529297        0.205800
 3.357    11494.361328        0.218000
 3.381    11356.144531        0.206000
 3.404    11205.582031        0.205100
 3.428    11044.873047        0.216300
 3.451    10936.461914        0.212900
 3.475    10785.997070        0.209200
 3.499    10630.837891        0.202500
 3.524    10508.894531        0.208800
 3.548    10382.684570        0.212700
 3.573    10247.361328        0.211900
 3.597    10149.081055        0.214400
 3.622     9996.904297        0.216900
 3.648     9877.715820        0.220700
 3.673     9743.303711        0.214800
 3.698     9627.135742        0.218000
 3.724     9507.722656        0.221600
 3.750     9374.164062        0.214800
 3.776     9279.058594        0.221400
 3.802     9160.411133        0.227100
 3.828     9051.235352        0.223500
 3.855     8939.612305        0.225400
 3.882     8818.408203        0.220200
 3.908     8731.434570        0.228700
 3.936     8614.660156        0.232300
 3.963     8517.541992        0.224800
 3.990     8424.339844        0.217500
 4.018     8333.989258        0.222700
 4.046     8216.410156        0.226500
 4.074     8108.388184        0.227200
 4.102     8007.399414        0.235800
 4.130     7902.783691        0.230500
 4.159     7812.869141        0.230400
 4.188     7706.587402        0.234300
 4.217     7634.156738        0.235300
 4.246     7538.300781        0.240000
 4.276     7447.084473        0.234800
 4.305     7353.329102        0.230700
 4.335     7246.208008        0.236700
 4.365     7184.926270        0.235100
 4.395     7095.474609        0.237000
 4.426     7027.947754        0.230300
 4.457     6931.055664        0.237000
 4.487     6837.506348        0.240800
 4.519     6759.936035        0.237900
 4.550     6686.930176        0.242400
 4.581     6620.001465        0.246200
 4.613     6523.866211        0.246000
 4.645     6457.644043        0.245300
 4.677     6384.821777        0.249600
 4.710     6317.626953        0.249500
 4.742     6238.204590        0.244700
 4.775     6178.726562        0.249200
 4.808     6089.799316        0.248600
 4.842     6014.383301        0.241400
 4.875     5947.249023        0.242500
 4.909     5888.622070        0.248600
 4.943     5817.103516        0.257400
 4.977     5745.944336        0.248000
 5.012     5688.659668        0.259000
 5.047     5612.040527        0.254400
 5.082     5570.267578        0.258800
 5.117     5495.305664        0.257200
 5.152     5439.710449        0.255200
 5.188     5367.561035        0.255900
 5.224     5306.083496        0.263300
 5.260     5252.326660        0.256300
 5.297     5201.018555        0.268700
 5.333     5138.550293        0.263200
 5.370     5089.359375        0.263500
 5.408     5034.455078        0.262900
 5.445     4975.441406        0.261400
 5.483     4928.647949        0.267700
 5.521     4865.321289        0.271200
 5.559     4831.538086        0.264400
 5.598     4774.840332        0.269900
 5.636     4717.628906        0.270500
 5.675     4676.670898        0.268200
 5.715     4625.364258        0.272500
 5.754     4591.437012        0.267600
 5.794     4535.240723        0.272800
 5.834     4489.299805        0.272500
 5.875     4449.859375        0.275000
 5.916     4397.961426        0.278800
 5.957     4355.255371        0.271100
 5.998     4299.554688        0.277400
 6.039     4254.870605        0.281700
 6.081     4230.449707        0.285600
 6.124     4176.530762        0.279500
 6.166     4133.983398        0.289300
 6.209     4091.944580        0.282000
 6.252     4057.118164        0.281500
 6.295     4016.024170        0.288000
 6.339     3976.148193        0.292300
 6.383     3934.919678        0.284000
 6.427     3894.908936        0.288000
 6.471     3866.202637        0.286500
 6.516     3833.203369        0.290300
 6.561     3794.625000        0.294200
 6.607     3745.567383        0.293500
 6.653     3723.561279        0.293700
 6.699     3682.163818        0.295400
 6.745     3647.497559        0.288400
 6.792     3617.796143        0.297000
 6.839     3591.639893        0.297300
 6.887     3551.268555        0.296000
 6.934     3521.928955        0.297300
 6.982     3491.400146        0.293400
 7.031     3457.897949        0.295300
 7.079     3425.290283        0.304000
 7.129     3406.122070        0.291700
 7.178     3373.931152        0.304600
 7.228     3338.624268        0.306000
 7.278     3315.553223        0.305600
 7.328     3286.815186        0.299800
 7.379     3252.694580        0.306900
 7.430     3230.726318        0.309000
 7.482     3197.530762        0.304100
 7.534     3175.845947        0.305400
 7.586     3148.323486        0.308300
 7.638     3130.489258        0.311800
 7.691     3096.482178        0.320600
 7.745     3065.124268        0.314900
 7.798     3051.623047        0.310400
 7.852     3015.170654        0.312900
 7.907     2999.415039        0.318100
 7.962     2980.964600        0.320500
 8.017     2945.740479        0.317600
 8.072     2930.441162        0.317300
 8.128     2915.478760        0.318900
 8.185     2889.383301        0.315900
 8.241     2864.118652        0.319700
 8.299     2842.991699        0.320900
 8.356     2817.570557        0.326100
 8.414     2800.970947        0.320500
 8.472     2777.851562        0.320700
 8.531     2759.734619        0.327600
 8.590     2737.549805        0.321400
 8.650     2720.591797        0.330200
 8.710     2695.450439        0.325600
 8.770     2686.424805        0.319600
 8.831     2661.864258        0.339100
 8.892     2643.998047        0.332000
 8.954     2621.014404        0.324100
 9.016     2607.162109        0.336400
 9.078     2596.132080        0.338600
 9.141     2575.112061        0.329900
 9.204     2552.920166        0.337600
 9.268     2536.196777        0.340400
 9.333     2524.384277        0.330400
 9.397     2510.302490        0.341000
 9.462     2488.486328        0.340100
 9.528     2472.824219        0.340700
 9.594     2461.205566        0.338300
 9.661     2444.452393        0.334100
 9.727     2432.952148        0.332300
 9.795     2418.443359        0.340700
 9.863     2403.838623        0.343200
 9.931     2382.259521        0.344400
10.000     2374.405518        0.344900
10.069     2355.876221        0.342000
10.139     2338.836914        0.346300
10.209     2330.571533        0.340700
10.280     2318.497314        0.345500
10.351     2301.801514        0.348300
10.423     2291.589111        0.341300
10.495     2275.351318        0.335700
10.568     2260.574219        0.341100
10.641     2251.343750        0.335900
10.715     2238.759766        0.347900
10.789     2225.368896        0.339900
10.864     2221.482422        0.348200
10.940     2207.549561        0.350500
11.015     2196.173096        0.351900
11.092     2185.454834        0.344100
11.169     2174.767334        0.342200
11.246     2162.955078        0.352400
11.324     2149.662354        0.358300
11.402     2138.401367        0.351300
11.482     2125.599121        0.346300
11.561     2118.794922        0.351600
11.641     2100.785889        0.347300
11.722     2100.455811        0.353200
11.803     2083.801270        0.352800
11.885     2077.663330        0.344400
11.967     2072.133301        0.349600
12.050     2056.784912        0.347100
12.134     2050.095947        0.358100
12.218     2042.114502        0.355600
12.303     2029.537964        0.356100
12.388     2024.102173        0.356400
12.474     2009.268677        0.354400
12.560     2007.789795        0.352800
12.647     1996.247803        0.356500
12.735     1988.075439        0.352000
12.823     1982.353271        0.356600
12.912     1974.834473        0.349000
13.002     1973.065308        0.354900
13.092     1959.660889        0.347600
13.183     1951.253052        0.355400
13.274     1946.129272        0.359300
13.366     1936.238770        0.358200
13.459     1929.180908        0.365000
13.552     1916.823242        0.360300
13.646     1910.647339        0.358000
13.740     1909.539429        0.362100
13.836     1897.765869        0.356500
13.932     1891.271240        0.362300
14.028     1884.634766        0.366800
14.125     1875.756226        0.361100
14.223     1873.152466        0.366000
14.322     1865.020508        0.357200
14.421     1861.328735        0.365100
14.521     1854.192627        0.354700
14.622     1848.826050        0.363400
14.723     1848.857788        0.357400
14.825     1834.898438        0.363200
14.928     1828.048462        0.361400
15.031     1828.062134        0.367400
15.136     1813.816162        0.364300
15.241     1811.612671        0.364000
15.346     1808.899170        0.364000
15.453     1802.307861        0.362500
15.560     1791.719727        0.361700
15.668     1789.827881        0.353900
15.776     1779.197388        0.368500
15.885     1775.286621        0.355600
15.996     1774.145752        0.367400
16.106     1769.814697        0.360100
16.218     1763.688354        0.353000
16.331     1757.745239        0.361500
16.444     1756.073486        0.354500
16.558     1748.640137        0.350000
16.672     1742.471924        0.358700
16.788     1735.234253        0.360300
16.904     1731.575317        0.359800
17.022     1728.377808        0.355800
17.140     1724.064575        0.354300
17.258     1720.183960        0.353100
17.378     1715.819946        0.361100
17.498     1708.579468        0.355600
17.620     1707.695312        0.356600
17.742     1702.066895        0.351700
17.865     1697.936646        0.360200
17.989     1692.949463        0.363600
18.113     1690.023682        0.354600
18.239     1683.700439        0.361600
18.365     1683.163940        0.357300
18.493     1673.472046        0.351200
18.621     1672.915039        0.358000
18.750     1669.564697        0.359000
18.880     1661.601929        0.345800
19.011     1663.595947        0.349800
19.143     1655.369629        0.352900
19.275     1650.541870        0.358700
19.409     1649.031372        0.345500
19.543     1648.609741        0.349900
19.679     1641.192749        0.353400
19.815     1641.555786        0.350400
19.953     1638.242432        0.347000
20.091     1631.610962        0.343600
20.230     1630.766846        0.354800
20.370     1624.171753        0.348700
20.512     1620.726440        0.338500
20.654     1616.709717        0.339500
20.797     1614.421875        0.342700
20.941     1611.161011        0.343100
21.086     1606.237549        0.340400
21.232     1602.635742        0.341500
21.380     1600.090454        0.338200
21.528     1597.334106        0.346100
21.677     1592.514038        0.337900
21.827     1588.731812        0.346100
21.979     1585.559326        0.339300
22.131     1583.045532        0.336400
22.284     1580.597778        0.341000
22.439     1572.799438        0.336300
22.594     1570.852173        0.334000
22.751     1565.681396        0.340800
22.909     1559.655029        0.337500
23.067     1556.733887        0.329700
23.227     1557.604248        0.330900
23.388     1552.365967        0.338900
23.550     1545.166870        0.339300
23.714     1546.109863        0.325500
23.878     1542.411621        0.322500
24.044     1536.228882        0.335100
24.210     1532.540771        0.326400
24.378     1532.658813        0.323000
24.547     1522.472656        0.326700
24.717     1524.358032        0.330900
24.889     1516.264282        0.318200
25.061     1515.159668        0.328300
25.235     1512.748535        0.319900
25.410     1508.733887        0.320200
25.586     1502.956421        0.323400
25.763     1504.361938        0.325200
25.942     1497.571655        0.320800
26.122     1489.474121        0.319600
26.303     1487.959839        0.312200
26.485     1487.633057        0.312500
26.669     1481.243164        0.302400
26.853     1473.667236        0.315100
27.040     1468.468506        0.319100
27.227     1465.944946        0.305200
27.416     1462.663696        0.311300
27.606     1457.903564        0.309800
27.797     1456.257446        0.303900
27.990     1444.189453        0.312100
28.184     1446.709229        0.306800
28.379     1437.240967        0.295600
28.576     1434.197754        0.290100
28.774     1428.899414        0.293800
28.973     1425.419312        0.298300
29.174     1419.745605        0.299800
29.376     1413.886963        0.305600
29.580     1408.714966        0.292300
29.785     1404.479370        0.288400
29.992     1396.570679        0.289200
30.200     1393.494507        0.282400
30.409     1384.578125        0.283300
30.620     1382.813110        0.286800
30.832     1374.787354        0.287100
31.046     1368.822998        0.279800
31.261     1361.945435        0.280900
31.477     1355.934326        0.276700
31.696     1346.784424        0.273700
31.915     1341.749634        0.274400
32.137     1336.827637        0.279800
32.359     1327.928101        0.266300
32.584     1320.588867        0.272800
32.810     1312.391602        0.262100
33.037     1306.760132        0.263700
33.266     1297.396118        0.264700
33.497     1289.971558        0.262900
33.729     1277.986084        0.256200
33.963     1269.248657        0.255500
34.198     1262.845947        0.261200
34.435     1254.849976        0.248400
34.674     1242.940552        0.243500
34.914     1233.809937        0.247500
35.156     1224.100708        0.245100
35.400     1212.630005        0.238200
35.645     1201.698853        0.242200
35.892     1193.163452        0.234100
36.141     1181.897949        0.235900
36.392     1169.628052        0.231700
36.644     1155.567749        0.232900
36.898     1142.945679        0.229000
37.154     1128.085205        0.231600
37.411     1115.948975        0.222100
37.670     1100.251465        0.225200
37.931     1085.474487        0.220800
38.194     1072.355347        0.214100
38.459     1057.845825        0.207000
38.726     1037.734863        0.204800
38.994     1022.531616        0.204000
39.264     1003.114136        0.204500
39.537      984.942871        0.195700
39.811      965.564636        0.194800
40.087      944.177734        0.190600
40.365      921.382751        0.187900
40.644      898.906738        0.174300
40.926      876.530151        0.180200
41.210      853.246460        0.170800
41.495      825.246277        0.168500
41.783      797.642212        0.169300
42.073      767.393494        0.166500
42.364      735.345276        0.166300
42.658      702.817139        0.154600
42.954      666.481201        0.149000
43.251      627.228577        0.143600
43.551      585.966187        0.142400
43.853      540.235657        0.131300
44.157      490.367554        0.131900
44.463      435.098602        0.120000
44.771      373.416290        0.120800
45.082      304.445282        0.121800
45.394      232.662064        0.122700
45.709      167.789886        0.128100
46.026      121.272209        0.139400
46.345       92.485741        0.154200
46.666       74.148109        0.165800
46.989       61.678780        0.166800
47.315       52.907715        0.186400
47.643       46.119984        0.184100
47.973       41.009659        0.194800
48.306       36.843987        0.201000
48.641       33.400337        0.206200
48.978       30.583952        0.211200
49.317       28.221987        0.208200
49.659       26.084661        0.217600
50.003       24.333323        0.222600
50.350       22.808720        0.226100
50.699       21.308695        0.228700
51.050       20.119246        0.237900
51.404       18.998487        0.238900
51.761       17.976175        0.244200
52.119       17.077845        0.246500
52.481       16.227755        0.238800
52.845       15.474796        0.242000
53.211       14.732487        0.253400
53.580       14.171682        0.252500
53.951       13.533655        0.255000
54.325       12.970176        0.250700
54.702       12.442073        0.257800
55.081       11.962128        0.258800
55.463       11.504965        0.252900
55.847       11.104426        0.258200
56.234       10.671199        0.259200
56.624       10.312983        0.260000
57.016        9.947906        0.265900
57.412        9.623012        0.266200
57.810        9.299435        0.273200
58.210        8.988447        0.276000
58.614        8.709516        0.266600
59.020        8.415797        0.268700
59.429        8.163300        0.268900
59.841        7.913665        0.279700
60.256        7.655083        0.282400
60.674        7.438929        0.273300
61.094        7.236131        0.272400
61.518        7.004550        0.276100
61.944        6.800576        0.281900
62.373        6.615767        0.290800
62.806        6.421252        0.280600
63.241        6.263693        0.277500
63.680        6.079173        0.283800
64.121        5.890122        0.289400
64.565        5.733233        0.291800
65.013        5.596650        0.283100
65.464        5.429590        0.284200
65.917        5.293803        0.292500
66.374        5.136368        0.289500
66.834        5.019701        0.292500
67.298        4.886484        0.293200
67.764        4.777848        0.298900
68.234        4.652553        0.288700
68.707        4.524126        0.288300
69.183        4.408104        0.294800
69.663        4.310083        0.297400
70.146        4.190640        0.305300
70.632        4.086215        0.292000
71.121        3.961428        0.299000
71.614        3.887053        0.296500
72.111        3.772434        0.298100
72.611        3.681433        0.311500
73.114        3.588952        0.297600
73.621        3.501686        0.298300
74.131        3.427670        0.299500
74.645        3.339445        0.303800
75.162        3.263500        0.301500
75.683        3.187188        0.309400
76.208        3.112859        0.302300
76.736        3.036530        0.306100
77.268        2.961863        0.314700
77.804        2.896518        0.306400
78.343        2.820566        0.314200
78.886        2.746817        0.311500
79.433        2.688890        0.310000
