# FONLL heavy quark hadroproduction cross section, calculated on Thu Jun 27 01:27:55 CEST 2019
# FONLL version and perturbative order: ## FONLL v1.3.2 fonll [ds/dpt^2dy (pb/GeV^2)]
# quark = bottom
# final state = J/psi from a single B. NP params (cm,lm,hm) = 24.2, 26.7, 22.2
# BR(q->meson) = 1
# BR(B->J/psi) = 0.0116
# ebeam1 = 6500, ebeam2 = 6500
# PDF set = CTEQ6.6
# ptmin = 0
# ptmax = 50
# etamin = -1
# etamax = 1
# Uncertainties from scales, masses, PDFs combined quadratically
# cross section is ds/dpt (pb/GeV)
# pt      central      min       max       min_sc     max_sc     min_mass   max_mass     min_pdf    max_pdf
   0.0000 0.0000e+00 0.0000e+00 0.0000e+00 0.0000e+00 0.0000e+00 0.0000e+00 0.0000e+00 0.0000e+00 0.0000e+00
   0.2500 7.8242e+03 3.4878e+03 1.1976e+04 3.8918e+03 1.1412e+04 6.4751e+03 9.5108e+03 6.5911e+03 9.0561e+03
   0.5000 2.9708e+04 1.3371e+04 4.5342e+04 1.4894e+04 4.3222e+04 2.4627e+04 3.6053e+04 2.5056e+04 3.4348e+04
   0.7500 6.1422e+04 2.8060e+04 9.3361e+04 3.1169e+04 8.9053e+04 5.1063e+04 7.4321e+04 5.1910e+04 7.0922e+04
   1.0000 9.7498e+04 4.5425e+04 1.4748e+05 5.0274e+04 1.4082e+05 8.1362e+04 1.1751e+05 8.2627e+04 1.1237e+05
   1.2500 1.3282e+05 6.3230e+04 1.9973e+05 6.9716e+04 1.9094e+05 1.1128e+05 1.5938e+05 1.1290e+05 1.5266e+05
   1.5000 1.6333e+05 7.9756e+04 2.4435e+05 8.7499e+04 2.3397e+05 1.3758e+05 1.9500e+05 1.3943e+05 1.8722e+05
   1.7500 1.8699e+05 9.3679e+04 2.7830e+05 1.0229e+05 2.6703e+05 1.5834e+05 2.2191e+05 1.6031e+05 2.1367e+05
   2.0000 2.0277e+05 1.0424e+05 3.0050e+05 1.1331e+05 2.8896e+05 1.7261e+05 2.3931e+05 1.7458e+05 2.3084e+05
   2.2500 2.1112e+05 1.1146e+05 3.1172e+05 1.2052e+05 3.0044e+05 1.8084e+05 2.4766e+05 1.8270e+05 2.3954e+05
   2.5000 2.1298e+05 1.1534e+05 3.1362e+05 1.2412e+05 3.0299e+05 1.8351e+05 2.4836e+05 1.8525e+05 2.4082e+05
   2.7500 2.0973e+05 1.1636e+05 3.0796e+05 1.2470e+05 2.9824e+05 1.8166e+05 2.4314e+05 1.8328e+05 2.3618e+05
   3.0000 2.0254e+05 1.1511e+05 2.9675e+05 1.2284e+05 2.8803e+05 1.7644e+05 2.3339e+05 1.7783e+05 2.2736e+05
   3.2500 1.9268e+05 1.1197e+05 2.8155e+05 1.1902e+05 2.7388e+05 1.6878e+05 2.2075e+05 1.6994e+05 2.1541e+05
   3.5000 1.8108e+05 1.0740e+05 2.6395e+05 1.1380e+05 2.5729e+05 1.5938e+05 2.0625e+05 1.6031e+05 2.0172e+05
   3.7500 1.6843e+05 1.0202e+05 2.4521e+05 1.0772e+05 2.3942e+05 1.4906e+05 1.9094e+05 1.4976e+05 1.8711e+05
   4.0000 1.5567e+05 9.6046e+04 2.2594e+05 1.0111e+05 2.2098e+05 1.3839e+05 1.7551e+05 1.3897e+05 1.7238e+05
   4.2500 1.4303e+05 8.9790e+04 2.0703e+05 9.4285e+04 2.0277e+05 1.2772e+05 1.6054e+05 1.2806e+05 1.5788e+05
   4.5000 1.3073e+05 8.3540e+04 1.8892e+05 8.7476e+04 1.8525e+05 1.1728e+05 1.4616e+05 1.1751e+05 1.4396e+05
   4.7500 1.1913e+05 7.7375e+04 1.7170e+05 8.0817e+04 1.6855e+05 1.0734e+05 1.3259e+05 1.0745e+05 1.3096e+05
   5.0000 1.0839e+05 7.1386e+04 1.5569e+05 7.4437e+04 1.5300e+05 9.7974e+04 1.2018e+05 9.7997e+04 1.1878e+05
   5.2500 9.8403e+04 6.5718e+04 1.4091e+05 6.8394e+04 1.3862e+05 8.9274e+04 1.0866e+05 8.9216e+04 1.0759e+05
   5.5000 8.9250e+04 6.0368e+04 1.2737e+05 6.2721e+04 1.2540e+05 8.1235e+04 9.8206e+04 8.1119e+04 9.7382e+04
   5.7500 8.0898e+04 5.5399e+04 1.1512e+05 5.7466e+04 1.1342e+05 7.3869e+04 8.8728e+04 7.3706e+04 8.8090e+04
   6.0000 7.3312e+04 5.0776e+04 1.0399e+05 5.2594e+04 1.0252e+05 6.7141e+04 8.0168e+04 6.6944e+04 7.9692e+04
   6.2500 6.6456e+04 4.6524e+04 9.3937e+04 4.8128e+04 9.2672e+04 6.1028e+04 7.2454e+04 6.0807e+04 7.2106e+04
   6.5000 6.0262e+04 4.2604e+04 8.4882e+04 4.4022e+04 8.3787e+04 5.5483e+04 6.5517e+04 5.5239e+04 6.5273e+04
   6.7500 5.4671e+04 3.9021e+04 7.6752e+04 4.0275e+04 7.5794e+04 5.0460e+04 5.9299e+04 5.0205e+04 5.9137e+04
   7.0000 4.9636e+04 3.5743e+04 6.9449e+04 3.6853e+04 6.8614e+04 4.5924e+04 5.3708e+04 4.5658e+04 5.3615e+04
   7.2500 4.5112e+04 3.2756e+04 6.2895e+04 3.3744e+04 6.2164e+04 4.1818e+04 4.8697e+04 4.1563e+04 4.8662e+04
   7.5000 4.1029e+04 3.0037e+04 5.7010e+04 3.0914e+04 5.6364e+04 3.8118e+04 4.4208e+04 3.7862e+04 4.4208e+04
   7.7500 3.7364e+04 2.7555e+04 5.1734e+04 2.8339e+04 5.1168e+04 3.4777e+04 4.0171e+04 3.4522e+04 4.0206e+04
   8.0000 3.4058e+04 2.5295e+04 4.6995e+04 2.5996e+04 4.6493e+04 3.1761e+04 3.6552e+04 3.1506e+04 3.6610e+04
   8.2500 3.1076e+04 2.3234e+04 4.2739e+04 2.3861e+04 4.2294e+04 2.9023e+04 3.3292e+04 2.8791e+04 3.3373e+04
   8.5000 2.8397e+04 2.1328e+04 3.8914e+04 2.1889e+04 3.8524e+04 2.6564e+04 3.0357e+04 2.6332e+04 3.0450e+04
   8.7500 2.5961e+04 1.9573e+04 3.5478e+04 2.0068e+04 3.5125e+04 2.4337e+04 2.7724e+04 2.4105e+04 2.7828e+04
   9.0000 2.3780e+04 1.7976e+04 3.2375e+04 1.8421e+04 3.2062e+04 2.2318e+04 2.5346e+04 2.2098e+04 2.5462e+04
   9.2500 2.1796e+04 1.6527e+04 2.9581e+04 1.6924e+04 2.9302e+04 2.0486e+04 2.3200e+04 2.0277e+04 2.3316e+04
   9.5000 1.9998e+04 1.5215e+04 2.7060e+04 1.5567e+04 2.6808e+04 1.8827e+04 2.1263e+04 1.8630e+04 2.1379e+04
   9.7500 1.8374e+04 1.4010e+04 2.4784e+04 1.4326e+04 2.4557e+04 1.7319e+04 1.9511e+04 1.7133e+04 1.9627e+04
  10.0000 1.6913e+04 1.2920e+04 2.2718e+04 1.3212e+04 2.2516e+04 1.5950e+04 1.7922e+04 1.5764e+04 1.8050e+04
  10.2500 1.5567e+04 1.1934e+04 2.0868e+04 1.2192e+04 2.0683e+04 1.4709e+04 1.6484e+04 1.4535e+04 1.6611e+04
  10.5000 1.4349e+04 1.1029e+04 1.9179e+04 1.1261e+04 1.9012e+04 1.3572e+04 1.5173e+04 1.3410e+04 1.5300e+04
  10.7500 1.3247e+04 1.0201e+04 1.7642e+04 1.0414e+04 1.7493e+04 1.2540e+04 1.3990e+04 1.2377e+04 1.4106e+04
  11.0000 1.2238e+04 9.4487e+03 1.6249e+04 9.6408e+03 1.6112e+04 1.1600e+04 1.2911e+04 1.1446e+04 1.3027e+04
  11.2500 1.1317e+04 8.7586e+03 1.4984e+04 8.9332e+03 1.4860e+04 1.0738e+04 1.1925e+04 1.0591e+04 1.2041e+04
  11.5000 1.0477e+04 8.1282e+03 1.3836e+04 8.2870e+03 1.3723e+04 9.9516e+03 1.1029e+04 9.8101e+03 1.1143e+04
  11.7500 9.7080e+03 7.5502e+03 1.2782e+04 7.6943e+03 1.2679e+04 9.2313e+03 1.0209e+04 9.0967e+03 1.0320e+04
  12.0000 9.0051e+03 7.0186e+03 1.1822e+04 7.1502e+03 1.1728e+04 8.5701e+03 9.4610e+03 8.4425e+03 9.5688e+03
  12.2500 8.3613e+03 6.5310e+03 1.0949e+04 6.6514e+03 1.0862e+04 7.9646e+03 8.7766e+03 7.8428e+03 8.8810e+03
  12.5000 7.7708e+03 6.0828e+03 1.0148e+04 6.1932e+03 1.0069e+04 7.4089e+03 8.1490e+03 7.2918e+03 8.2488e+03
  12.7500 7.2280e+03 5.6700e+03 9.4145e+03 5.7710e+03 9.3415e+03 6.8974e+03 7.5725e+03 6.7860e+03 7.6699e+03
  13.0000 6.7292e+03 5.2910e+03 8.7431e+03 5.3836e+03 8.6756e+03 6.4276e+03 7.0447e+03 6.3208e+03 7.1386e+03
  13.2500 6.2710e+03 4.9395e+03 8.1273e+03 5.0251e+03 8.0655e+03 5.9937e+03 6.5586e+03 5.8916e+03 6.6491e+03
  13.5000 5.8487e+03 4.6157e+03 7.5611e+03 4.6945e+03 7.5040e+03 5.5947e+03 6.1120e+03 5.4972e+03 6.1990e+03
  13.7500 5.4590e+03 4.3168e+03 7.0407e+03 4.3894e+03 6.9878e+03 5.2258e+03 5.7002e+03 5.1330e+03 5.7849e+03
  14.0000 5.0994e+03 4.0406e+03 6.5612e+03 4.1076e+03 6.5122e+03 4.8859e+03 5.3209e+03 4.7966e+03 5.4021e+03
  14.2500 4.7676e+03 3.7850e+03 6.1205e+03 3.8466e+03 6.0749e+03 4.5716e+03 4.9718e+03 4.4869e+03 5.0495e+03
  14.5000 4.4614e+03 3.5479e+03 5.7133e+03 3.6053e+03 5.6712e+03 4.2804e+03 4.6481e+03 4.1992e+03 4.7235e+03
  14.7500 4.1772e+03 3.3286e+03 5.3382e+03 3.3814e+03 5.2989e+03 4.0113e+03 4.3500e+03 3.9336e+03 4.4219e+03
  15.0000 3.9150e+03 3.1245e+03 4.9906e+03 3.1738e+03 4.9544e+03 3.7607e+03 4.0728e+03 3.6876e+03 4.1424e+03
  15.2500 3.6714e+03 2.9356e+03 4.6703e+03 2.9812e+03 4.6365e+03 3.5299e+03 3.8176e+03 3.4591e+03 3.8837e+03
  15.5000 3.4452e+03 2.7589e+03 4.3734e+03 2.8014e+03 4.3419e+03 3.3141e+03 3.5798e+03 3.2468e+03 3.6436e+03
  15.7500 3.2352e+03 2.5963e+03 4.0986e+03 2.6355e+03 4.0693e+03 3.1146e+03 3.3594e+03 3.0508e+03 3.4208e+03
  16.0000 3.0404e+03 2.4435e+03 3.8439e+03 2.4801e+03 3.8164e+03 2.9290e+03 3.1552e+03 2.8675e+03 3.2144e+03
  16.2500 2.8594e+03 2.3020e+03 3.6078e+03 2.3362e+03 3.5821e+03 2.7562e+03 2.9661e+03 2.6970e+03 3.0218e+03
  16.5000 2.6912e+03 2.1693e+03 3.3878e+03 2.2017e+03 3.3640e+03 2.5949e+03 2.7886e+03 2.5381e+03 2.8432e+03
  16.7500 2.5334e+03 2.0455e+03 3.1838e+03 2.0752e+03 3.1610e+03 2.4453e+03 2.6251e+03 2.3908e+03 2.6773e+03
  17.0000 2.3873e+03 1.9303e+03 2.9943e+03 1.9581e+03 2.9731e+03 2.3049e+03 2.4720e+03 2.2539e+03 2.5218e+03
  17.2500 2.2516e+03 1.8228e+03 2.8175e+03 1.8490e+03 2.7979e+03 2.1750e+03 2.3293e+03 2.1251e+03 2.3768e+03
  17.5000 2.1240e+03 1.7220e+03 2.6528e+03 1.7470e+03 2.6344e+03 2.0520e+03 2.1959e+03 2.0045e+03 2.2423e+03
  17.7500 2.0045e+03 1.6277e+03 2.4998e+03 1.6507e+03 2.4824e+03 1.9384e+03 2.0718e+03 1.8931e+03 2.1158e+03
  18.0000 1.8931e+03 1.5399e+03 2.3574e+03 1.5614e+03 2.3409e+03 1.8316e+03 1.9558e+03 1.7887e+03 1.9987e+03
  18.2500 1.7887e+03 1.4566e+03 2.2244e+03 1.4767e+03 2.2086e+03 1.7319e+03 1.8479e+03 1.6901e+03 1.8885e+03
  18.5000 1.6913e+03 1.3800e+03 2.0992e+03 1.3990e+03 2.0845e+03 1.6379e+03 1.7458e+03 1.5985e+03 1.7852e+03
  18.7500 1.6008e+03 1.3067e+03 1.9822e+03 1.3247e+03 1.9685e+03 1.5509e+03 1.6507e+03 1.5126e+03 1.6890e+03
  19.0000 1.5150e+03 1.2381e+03 1.8738e+03 1.2551e+03 1.8606e+03 1.4686e+03 1.5625e+03 1.4314e+03 1.5985e+03
  19.2500 1.4349e+03 1.1742e+03 1.7721e+03 1.1902e+03 1.7597e+03 1.3920e+03 1.4790e+03 1.3560e+03 1.5138e+03
  19.5000 1.3595e+03 1.1143e+03 1.6763e+03 1.1294e+03 1.6646e+03 1.3189e+03 1.4013e+03 1.2853e+03 1.4338e+03
  19.7500 1.2888e+03 1.0581e+03 1.5864e+03 1.0720e+03 1.5753e+03 1.2516e+03 1.3270e+03 1.2192e+03 1.3595e+03
  20.0000 1.2226e+03 1.0048e+03 1.5024e+03 1.0180e+03 1.4918e+03 1.1878e+03 1.2586e+03 1.1564e+03 1.2899e+03
  20.2500 1.1600e+03 9.5464e+02 1.4241e+03 9.6709e+02 1.4140e+03 1.1274e+03 1.1936e+03 1.0976e+03 1.2238e+03
  20.5000 1.1020e+03 9.0728e+02 1.3501e+03 9.1930e+02 1.3410e+03 1.0709e+03 1.1331e+03 1.0423e+03 1.1612e+03
  20.7500 1.0468e+03 8.6281e+02 1.2802e+03 8.7418e+02 1.2714e+03 1.0177e+03 1.0760e+03 9.9018e+02 1.1033e+03
  21.0000 9.9482e+02 8.2099e+02 1.2148e+03 8.3172e+02 1.2064e+03 9.6756e+02 1.0222e+03 9.4122e+02 1.0484e+03
  21.2500 9.4586e+02 7.8140e+02 1.1538e+03 7.9158e+02 1.1458e+03 9.2034e+02 9.7150e+02 8.9494e+02 9.9679e+02
  21.5000 8.9970e+02 7.4415e+02 1.0960e+03 7.5377e+02 1.0884e+03 8.7580e+02 9.2382e+02 8.5144e+02 9.4807e+02
  21.7500 8.5620e+02 7.0891e+02 1.0416e+03 7.1804e+02 1.0344e+03 8.3369e+02 8.7882e+02 8.1038e+02 9.0213e+02
  22.0000 8.1525e+02 6.7555e+02 9.9026e+02 6.8428e+02 9.8345e+02 7.9402e+02 8.3636e+02 7.7152e+02 8.5875e+02
  22.2500 7.7639e+02 6.4416e+02 9.4196e+02 6.5238e+02 9.3542e+02 7.5655e+02 7.9634e+02 7.3498e+02 8.1792e+02
  22.5000 7.3985e+02 6.1437e+02 8.9639e+02 6.2222e+02 8.9018e+02 7.2106e+02 7.5852e+02 7.0041e+02 7.7929e+02
  22.7500 7.0528e+02 5.8622e+02 8.5340e+02 5.9369e+02 8.4750e+02 6.8765e+02 7.2291e+02 6.6770e+02 7.4275e+02
  23.0000 6.7257e+02 5.5957e+02 8.1289e+02 5.6666e+02 8.0724e+02 6.5598e+02 6.8916e+02 6.3684e+02 7.0830e+02
  23.2500 6.4160e+02 5.3441e+02 7.7460e+02 5.4114e+02 7.6920e+02 6.2605e+02 6.5726e+02 6.0761e+02 6.7570e+02
  23.5000 6.1236e+02 5.1045e+02 7.3839e+02 5.1690e+02 7.3324e+02 5.9763e+02 6.2710e+02 5.7988e+02 6.4484e+02
  23.7500 5.8464e+02 4.8783e+02 7.0405e+02 4.9393e+02 6.9913e+02 5.7084e+02 5.9844e+02 5.5378e+02 6.1561e+02
  24.0000 5.5842e+02 4.6629e+02 6.7172e+02 4.7212e+02 6.6700e+02 5.4532e+02 5.7153e+02 5.2896e+02 5.8800e+02
  24.2500 5.3360e+02 4.4600e+02 6.4110e+02 4.5159e+02 6.3661e+02 5.2119e+02 5.4590e+02 5.0541e+02 5.6179e+02
  24.5000 5.1005e+02 4.2665e+02 6.1200e+02 4.3198e+02 6.0772e+02 4.9834e+02 5.2165e+02 4.8314e+02 5.3685e+02
  24.7500 4.8766e+02 4.0824e+02 5.8456e+02 4.1331e+02 5.8046e+02 4.7664e+02 4.9857e+02 4.6203e+02 5.1330e+02
  25.0000 4.6644e+02 3.9084e+02 5.5851e+02 3.9568e+02 5.5460e+02 4.5600e+02 4.7676e+02 4.4196e+02 4.9091e+02
  25.2500 4.4637e+02 3.7434e+02 5.3388e+02 3.7897e+02 5.3012e+02 4.3651e+02 4.5611e+02 4.2294e+02 4.6980e+02
  25.5000 4.2723e+02 3.5853e+02 5.1040e+02 3.6296e+02 5.0680e+02 4.1783e+02 4.3639e+02 4.0484e+02 4.4962e+02
  25.7500 4.0902e+02 3.4367e+02 4.8824e+02 3.4788e+02 4.8476e+02 4.0020e+02 4.1783e+02 3.8767e+02 4.3048e+02
  26.0000 3.9185e+02 3.2932e+02 4.6717e+02 3.3338e+02 4.6388e+02 3.8350e+02 4.0008e+02 3.7132e+02 4.1226e+02
  26.2500 3.7538e+02 3.1582e+02 4.4723e+02 3.1970e+02 4.4405e+02 3.6749e+02 3.8326e+02 3.5577e+02 3.9498e+02
  26.5000 3.5983e+02 3.0287e+02 4.2816e+02 3.0659e+02 4.2514e+02 3.5229e+02 3.6726e+02 3.4104e+02 3.7851e+02
  26.7500 3.4498e+02 2.9061e+02 4.1008e+02 2.9418e+02 4.0716e+02 3.3779e+02 3.5194e+02 3.2700e+02 3.6296e+02
  27.0000 3.3083e+02 2.7892e+02 3.9290e+02 2.8234e+02 3.9011e+02 3.2410e+02 3.3744e+02 3.1355e+02 3.4800e+02
  27.2500 3.1738e+02 2.6784e+02 3.7655e+02 2.7109e+02 3.7387e+02 3.1100e+02 3.2364e+02 3.0090e+02 3.3385e+02
  27.5000 3.0450e+02 2.5719e+02 3.6105e+02 2.6030e+02 3.5844e+02 2.9847e+02 3.1053e+02 2.8872e+02 3.2039e+02
  27.7500 2.9232e+02 2.4709e+02 3.4632e+02 2.5010e+02 3.4382e+02 2.8664e+02 2.9800e+02 2.7712e+02 3.0752e+02
  28.0000 2.8072e+02 2.3737e+02 3.3216e+02 2.4024e+02 3.2979e+02 2.7527e+02 2.8606e+02 2.6622e+02 2.9522e+02
  28.2500 2.6958e+02 2.2821e+02 3.1878e+02 2.3096e+02 3.1645e+02 2.6448e+02 2.7480e+02 2.5566e+02 2.8362e+02
  28.5000 2.5903e+02 2.1939e+02 3.0604e+02 2.2202e+02 3.0380e+02 2.5416e+02 2.6390e+02 2.4569e+02 2.7248e+02
  28.7500 2.4894e+02 2.1089e+02 2.9387e+02 2.1344e+02 2.9174e+02 2.4430e+02 2.5358e+02 2.3606e+02 2.6181e+02
  29.0000 2.3931e+02 2.0290e+02 2.8221e+02 2.0532e+02 2.8014e+02 2.3490e+02 2.4372e+02 2.2701e+02 2.5172e+02
  29.2500 2.3014e+02 1.9516e+02 2.7120e+02 1.9755e+02 2.6924e+02 2.2585e+02 2.3432e+02 2.1820e+02 2.4198e+02
  29.5000 2.2133e+02 1.8787e+02 2.6057e+02 1.9012e+02 2.5868e+02 2.1727e+02 2.2527e+02 2.0996e+02 2.3270e+02
  29.7500 2.1298e+02 1.8084e+02 2.5051e+02 1.8305e+02 2.4870e+02 2.0903e+02 2.1669e+02 2.0196e+02 2.2388e+02
  30.0000 2.0497e+02 1.7421e+02 2.4085e+02 1.7632e+02 2.3908e+02 2.0126e+02 2.0857e+02 1.9442e+02 2.1553e+02
  30.2500 1.9732e+02 1.6777e+02 2.3171e+02 1.6982e+02 2.3003e+02 1.9372e+02 2.0068e+02 1.8711e+02 2.0741e+02
  30.5000 1.8989e+02 1.6161e+02 2.2286e+02 1.6356e+02 2.2121e+02 1.8653e+02 1.9326e+02 1.8015e+02 1.9964e+02
  30.7500 1.8293e+02 1.5576e+02 2.1446e+02 1.5764e+02 2.1286e+02 1.7968e+02 1.8606e+02 1.7354e+02 1.9233e+02
  31.0000 1.7620e+02 1.5015e+02 2.0651e+02 1.5196e+02 2.0497e+02 1.7319e+02 1.7922e+02 1.6716e+02 1.8525e+02
  31.2500 1.6982e+02 1.4477e+02 1.9879e+02 1.4651e+02 1.9732e+02 1.6692e+02 1.7261e+02 1.6112e+02 1.7852e+02
  31.5000 1.6368e+02 1.3958e+02 1.9143e+02 1.4129e+02 1.9001e+02 1.6089e+02 1.6634e+02 1.5521e+02 1.7203e+02
  31.7500 1.5776e+02 1.3466e+02 1.8444e+02 1.3630e+02 1.8305e+02 1.5509e+02 1.6031e+02 1.4964e+02 1.6588e+02
  32.0000 1.5208e+02 1.2988e+02 1.7777e+02 1.3143e+02 1.7644e+02 1.4964e+02 1.5463e+02 1.4430e+02 1.5985e+02
  32.2500 1.4674e+02 1.2527e+02 1.7132e+02 1.2679e+02 1.7006e+02 1.4430e+02 1.4906e+02 1.3920e+02 1.5416e+02
  32.5000 1.4152e+02 1.2094e+02 1.6515e+02 1.2238e+02 1.6391e+02 1.3920e+02 1.4384e+02 1.3433e+02 1.4871e+02
  32.7500 1.3653e+02 1.1680e+02 1.5920e+02 1.1820e+02 1.5799e+02 1.3433e+02 1.3874e+02 1.2957e+02 1.4349e+02
  33.0000 1.3178e+02 1.1278e+02 1.5359e+02 1.1413e+02 1.5242e+02 1.2969e+02 1.3386e+02 1.2505e+02 1.3850e+02
  33.2500 1.2725e+02 1.0892e+02 1.4822e+02 1.1023e+02 1.4709e+02 1.2516e+02 1.2922e+02 1.2076e+02 1.3375e+02
  33.5000 1.2284e+02 1.0523e+02 1.4296e+02 1.0650e+02 1.4187e+02 1.2087e+02 1.2470e+02 1.1658e+02 1.2911e+02
  33.7500 1.1867e+02 1.0168e+02 1.3793e+02 1.0290e+02 1.3688e+02 1.1681e+02 1.2041e+02 1.1262e+02 1.2470e+02
  34.0000 1.1462e+02 9.8271e+01 1.3325e+02 9.9447e+01 1.3224e+02 1.1284e+02 1.1635e+02 1.0880e+02 1.2041e+02
  34.2500 1.1075e+02 9.4991e+01 1.2858e+02 9.6129e+01 1.2760e+02 1.0904e+02 1.1240e+02 1.0512e+02 1.1635e+02
  34.5000 1.0702e+02 9.1853e+01 1.2426e+02 9.2951e+01 1.2331e+02 1.0540e+02 1.0861e+02 1.0159e+02 1.1245e+02
  34.7500 1.0344e+02 8.8826e+01 1.1995e+02 8.9888e+01 1.1902e+02 1.0188e+02 1.0497e+02 9.8194e+01 1.0868e+02
  35.0000 1.0000e+02 8.5917e+01 1.1595e+02 8.6942e+01 1.1505e+02 9.8507e+01 1.0147e+02 9.4946e+01 1.0507e+02
  35.2500 9.6698e+01 8.3111e+01 1.1204e+02 8.4100e+01 1.1117e+02 9.5271e+01 9.8101e+01 9.1814e+01 1.0159e+02
  35.5000 9.3531e+01 8.0423e+01 1.0831e+02 8.1386e+01 1.0746e+02 9.2150e+01 9.4876e+01 8.8798e+01 9.8264e+01
  35.7500 9.0480e+01 7.7831e+01 1.0471e+02 7.8764e+01 1.0389e+02 8.9158e+01 9.1768e+01 8.5898e+01 9.5050e+01
  36.0000 8.7534e+01 7.5336e+01 1.0125e+02 7.6235e+01 1.0046e+02 8.6269e+01 8.8775e+01 8.3114e+01 9.1965e+01
  36.2500 8.4715e+01 7.2938e+01 9.7926e+01 7.3811e+01 9.7162e+01 8.3497e+01 8.5898e+01 8.0434e+01 8.8984e+01
  36.5000 8.2000e+01 7.0622e+01 9.4726e+01 7.1468e+01 9.3983e+01 8.0829e+01 8.3137e+01 7.7859e+01 8.6130e+01
  36.7500 7.9379e+01 6.8400e+01 9.1654e+01 6.9217e+01 9.0932e+01 7.8254e+01 8.0469e+01 7.5377e+01 8.3381e+01
  37.0000 7.6862e+01 6.6256e+01 8.8698e+01 6.7048e+01 8.7998e+01 7.5783e+01 7.7906e+01 7.2987e+01 8.0736e+01
  37.2500 7.4437e+01 6.4194e+01 8.5858e+01 6.4960e+01 8.5179e+01 7.3405e+01 7.5446e+01 7.0690e+01 7.8184e+01
  37.5000 7.2106e+01 6.2209e+01 8.3121e+01 6.2953e+01 8.2464e+01 7.1108e+01 7.3068e+01 6.8475e+01 7.5725e+01
  37.7500 6.9855e+01 6.0294e+01 8.0480e+01 6.1016e+01 7.9843e+01 6.8892e+01 7.0783e+01 6.6340e+01 7.3358e+01
  38.0000 6.7686e+01 5.8450e+01 7.7946e+01 5.9148e+01 7.7326e+01 6.6758e+01 6.8579e+01 6.4287e+01 7.1085e+01
  38.2500 6.5598e+01 5.6661e+01 7.5501e+01 5.7339e+01 7.4901e+01 6.4705e+01 6.6456e+01 6.2304e+01 6.8881e+01
  38.5000 6.3580e+01 5.4943e+01 7.3143e+01 5.5599e+01 7.2558e+01 6.2733e+01 6.4403e+01 6.0390e+01 6.6770e+01
  38.7500 6.1642e+01 5.3293e+01 7.0874e+01 5.3928e+01 7.0308e+01 6.0819e+01 6.2431e+01 5.8557e+01 6.4728e+01
  39.0000 5.9763e+01 5.1688e+01 6.8690e+01 5.2304e+01 6.8138e+01 5.8974e+01 6.0529e+01 5.6770e+01 6.2756e+01
  39.2500 5.7965e+01 5.0151e+01 6.6586e+01 5.0750e+01 6.6050e+01 5.7200e+01 5.8696e+01 5.5065e+01 6.0865e+01
  39.5000 5.6225e+01 4.8659e+01 6.4551e+01 4.9242e+01 6.4032e+01 5.5494e+01 5.6933e+01 5.3406e+01 5.9032e+01
  39.7500 5.4543e+01 4.7228e+01 6.2590e+01 4.7792e+01 6.2083e+01 5.3836e+01 5.5228e+01 5.1817e+01 5.7269e+01
  40.0000 5.2919e+01 4.5841e+01 6.0708e+01 4.6388e+01 6.0216e+01 5.2246e+01 5.3580e+01 5.0274e+01 5.5564e+01
  40.2500 5.1353e+01 4.4500e+01 5.8885e+01 4.5031e+01 5.8406e+01 5.0704e+01 5.1991e+01 4.8790e+01 5.3917e+01
  40.5000 4.9845e+01 4.3206e+01 5.7119e+01 4.3720e+01 5.6654e+01 4.9207e+01 5.0460e+01 4.7363e+01 5.2328e+01
  40.7500 4.8384e+01 4.1955e+01 5.5425e+01 4.2456e+01 5.4972e+01 4.7780e+01 4.8975e+01 4.5971e+01 5.0796e+01
  41.0000 4.6980e+01 4.0739e+01 5.3786e+01 4.1226e+01 5.3348e+01 4.6388e+01 4.7548e+01 4.4637e+01 4.9312e+01
  41.2500 4.5611e+01 3.9585e+01 5.2210e+01 4.0055e+01 5.1782e+01 4.5043e+01 4.6156e+01 4.3349e+01 4.7885e+01
  41.5000 4.4300e+01 3.8448e+01 5.0679e+01 3.8906e+01 5.0263e+01 4.3755e+01 4.4822e+01 4.2096e+01 4.6504e+01
  41.7500 4.3024e+01 3.7361e+01 4.9208e+01 3.7804e+01 4.8801e+01 4.2502e+01 4.3535e+01 4.0890e+01 4.5170e+01
  42.0000 4.1795e+01 3.6309e+01 4.7780e+01 3.6737e+01 4.7386e+01 4.1296e+01 4.2294e+01 3.9730e+01 4.3871e+01
  42.2500 4.0612e+01 3.5288e+01 4.6401e+01 3.5705e+01 4.6017e+01 4.0124e+01 4.1087e+01 3.8605e+01 4.2630e+01
  42.5000 3.9463e+01 3.4301e+01 4.5080e+01 3.4707e+01 4.4706e+01 3.8988e+01 3.9927e+01 3.7514e+01 4.1424e+01
  42.7500 3.8361e+01 3.3346e+01 4.3789e+01 3.3744e+01 4.3430e+01 3.7897e+01 3.8802e+01 3.6459e+01 4.0252e+01
  43.0000 3.7282e+01 3.2430e+01 4.2542e+01 3.2816e+01 4.2189e+01 3.6842e+01 3.7712e+01 3.5438e+01 3.9127e+01
  43.2500 3.6250e+01 3.1534e+01 4.1347e+01 3.1912e+01 4.1006e+01 3.5821e+01 3.6656e+01 3.4452e+01 3.8036e+01
  43.5000 3.5241e+01 3.0666e+01 4.0180e+01 3.1030e+01 3.9846e+01 3.4823e+01 3.5647e+01 3.3501e+01 3.6981e+01
  43.7500 3.4266e+01 2.9828e+01 3.9059e+01 3.0183e+01 3.8732e+01 3.3872e+01 3.4661e+01 3.2573e+01 3.5960e+01
  44.0000 3.3327e+01 2.9025e+01 3.7971e+01 2.9371e+01 3.7654e+01 3.2944e+01 3.3698e+01 3.1680e+01 3.4974e+01
  44.2500 3.2422e+01 2.8235e+01 3.6915e+01 2.8571e+01 3.6610e+01 3.2051e+01 3.2782e+01 3.0821e+01 3.4011e+01
  44.5000 3.1540e+01 2.7479e+01 3.5902e+01 2.7805e+01 3.5600e+01 3.1181e+01 3.1888e+01 2.9986e+01 3.3095e+01
  44.7500 3.0682e+01 2.6746e+01 3.4918e+01 2.7063e+01 3.4626e+01 3.0334e+01 3.1018e+01 2.9174e+01 3.2190e+01
  45.0000 2.9858e+01 2.6033e+01 3.3973e+01 2.6344e+01 3.3686e+01 2.9522e+01 3.0183e+01 2.8385e+01 3.1332e+01
  45.2500 2.9058e+01 2.5347e+01 3.3047e+01 2.5648e+01 3.2770e+01 2.8733e+01 2.9371e+01 2.7631e+01 3.0485e+01
  45.5000 2.8281e+01 2.4669e+01 3.2150e+01 2.4963e+01 3.1877e+01 2.7968e+01 2.8594e+01 2.6889e+01 2.9673e+01
  45.7500 2.7527e+01 2.4030e+01 3.1285e+01 2.4314e+01 3.1018e+01 2.7225e+01 2.7828e+01 2.6181e+01 2.8884e+01
  46.0000 2.6808e+01 2.3395e+01 3.0451e+01 2.3676e+01 3.0195e+01 2.6506e+01 2.7098e+01 2.5485e+01 2.8118e+01
  46.2500 2.6100e+01 2.2791e+01 2.9633e+01 2.3061e+01 2.9383e+01 2.5810e+01 2.6378e+01 2.4824e+01 2.7376e+01
  46.5000 2.5416e+01 2.2196e+01 2.8849e+01 2.2458e+01 2.8606e+01 2.5137e+01 2.5682e+01 2.4174e+01 2.6657e+01
  46.7500 2.4754e+01 2.1619e+01 2.8089e+01 2.1878e+01 2.7852e+01 2.4488e+01 2.5021e+01 2.3536e+01 2.5961e+01
  47.0000 2.4116e+01 2.1069e+01 2.7350e+01 2.1321e+01 2.7121e+01 2.3850e+01 2.4360e+01 2.2933e+01 2.5288e+01
  47.2500 2.3490e+01 2.0532e+01 2.6640e+01 2.0776e+01 2.6413e+01 2.3235e+01 2.3734e+01 2.2342e+01 2.4638e+01
  47.5000 2.2887e+01 2.0002e+01 2.5937e+01 2.0242e+01 2.5717e+01 2.2643e+01 2.3119e+01 2.1762e+01 2.4000e+01
  47.7500 2.2295e+01 1.9500e+01 2.5273e+01 1.9732e+01 2.5056e+01 2.2063e+01 2.2527e+01 2.1205e+01 2.3386e+01
  48.0000 2.1727e+01 1.9009e+01 2.4620e+01 1.9233e+01 2.4406e+01 2.1495e+01 2.1959e+01 2.0671e+01 2.2794e+01
  48.2500 2.1182e+01 1.8537e+01 2.3985e+01 1.8757e+01 2.3780e+01 2.0961e+01 2.1390e+01 2.0149e+01 2.2214e+01
  48.5000 2.0648e+01 1.8066e+01 2.3374e+01 1.8282e+01 2.3177e+01 2.0428e+01 2.0857e+01 1.9639e+01 2.1646e+01
  48.7500 2.0126e+01 1.7618e+01 2.2779e+01 1.7829e+01 2.2585e+01 1.9917e+01 2.0323e+01 1.9140e+01 2.1100e+01
  49.0000 1.9616e+01 1.7186e+01 2.2200e+01 1.7388e+01 2.2005e+01 1.9418e+01 1.9824e+01 1.8664e+01 2.0578e+01
  49.2500 1.9128e+01 1.6761e+01 2.1635e+01 1.6959e+01 2.1448e+01 1.8931e+01 1.9326e+01 1.8200e+01 2.0056e+01
  49.5000 1.8653e+01 1.6348e+01 2.1096e+01 1.6542e+01 2.0915e+01 1.8467e+01 1.8838e+01 1.7748e+01 1.9558e+01
  49.7500 1.8200e+01 1.5942e+01 2.0570e+01 1.6136e+01 2.0393e+01 1.8003e+01 1.8374e+01 1.7307e+01 1.9082e+01
  50.0000 1.7748e+01 1.5557e+01 2.0055e+01 1.5741e+01 1.9882e+01 1.7562e+01 1.7922e+01 1.6890e+01 1.8606e+01
