# FONLL heavy quark hadroproduction cross section, calculated on Thu Jun 27 06:19:58 CEST 2019
# FONLL version and perturbative order: ## FONLL v1.3.2 fonll [ds/dpt^2dy (pb/GeV^2)]
# quark = bottom
# final state = psi(2S) from a single B. NP params (cm,lm,hm) = 24.2, 26.7, 22.2
# BR(q->meson) = 1
# BR(B->psi(2S)) = 0.00307
# ebeam1 = 6500, ebeam2 = 6500
# PDF set = CTEQ6.6
# ptmin = 0
# ptmax = 50
# etamin = -1
# etamax = 1
# Uncertainties from scales, masses, PDFs combined quadratically
# cross section is ds/dpt (pb/GeV)
# pt      central      min       max       min_sc     max_sc     min_mass   max_mass     min_pdf    max_pdf
   0.0000 0.0000e+00 0.0000e+00 0.0000e+00 0.0000e+00 0.0000e+00 0.0000e+00 0.0000e+00 0.0000e+00 0.0000e+00
   0.2500 1.3680e+03 5.9157e+02 2.1180e+03 6.6343e+02 2.0173e+03 1.1264e+03 1.6725e+03 1.1488e+03 1.5875e+03
   0.5000 5.2528e+03 2.2930e+03 8.0986e+03 2.5678e+03 7.7149e+03 4.3318e+03 6.4102e+03 4.4147e+03 6.0878e+03
   0.7500 1.1049e+04 4.8977e+03 1.6936e+04 5.4707e+03 1.6136e+04 9.1332e+03 1.3444e+04 9.3021e+03 1.2796e+04
   1.0000 1.7935e+04 8.1085e+03 2.7312e+04 9.0258e+03 2.6030e+04 1.4880e+04 2.1748e+04 1.5132e+04 2.0738e+04
   1.2500 2.5103e+04 1.1607e+04 3.7950e+04 1.2869e+04 3.6195e+04 2.0916e+04 3.0307e+04 2.1238e+04 2.8965e+04
   1.5000 3.1867e+04 1.5086e+04 4.7822e+04 1.6661e+04 4.5682e+04 2.6663e+04 3.8252e+04 2.7041e+04 3.6656e+04
   1.7500 3.7669e+04 1.8305e+04 5.6229e+04 2.0112e+04 5.3786e+04 3.1682e+04 4.5006e+04 3.2112e+04 4.3226e+04
   2.0000 4.2274e+04 2.1084e+04 6.2792e+04 2.3046e+04 6.0172e+04 3.5766e+04 5.0256e+04 3.6195e+04 4.8352e+04
   2.2500 4.5590e+04 2.3303e+04 6.7445e+04 2.5364e+04 6.4777e+04 3.8743e+04 5.3878e+04 3.9204e+04 5.1975e+04
   2.5000 4.7616e+04 2.4952e+04 7.0239e+04 2.7025e+04 6.7632e+04 4.0708e+04 5.5935e+04 4.1138e+04 5.4093e+04
   2.7500 4.8475e+04 2.6011e+04 7.1306e+04 2.8054e+04 6.8829e+04 4.1660e+04 5.6611e+04 4.2059e+04 5.4861e+04
   3.0000 4.8322e+04 2.6549e+04 7.0975e+04 2.8502e+04 6.8676e+04 4.1752e+04 5.6120e+04 4.2151e+04 5.4492e+04
   3.2500 4.7370e+04 2.6605e+04 6.9453e+04 2.8450e+04 6.7356e+04 4.1138e+04 5.4707e+04 4.1506e+04 5.3234e+04
   3.5000 4.5774e+04 2.6273e+04 6.7032e+04 2.7986e+04 6.5145e+04 3.9971e+04 5.2589e+04 4.0278e+04 5.1269e+04
   3.7500 4.3748e+04 2.5631e+04 6.3934e+04 2.7203e+04 6.2260e+04 3.8406e+04 4.9980e+04 3.8651e+04 4.8844e+04
   4.0000 4.1414e+04 2.4748e+04 6.0423e+04 2.6178e+04 5.8944e+04 3.6533e+04 4.7094e+04 3.6748e+04 4.6081e+04
   4.2500 3.8928e+04 2.3681e+04 5.6667e+04 2.4984e+04 5.5383e+04 3.4476e+04 4.4024e+04 3.4660e+04 4.3164e+04
   4.5000 3.6349e+04 2.2516e+04 5.2826e+04 2.3682e+04 5.1699e+04 3.2358e+04 4.0923e+04 3.2481e+04 4.0217e+04
   4.7500 3.3770e+04 2.1282e+04 4.8967e+04 2.2325e+04 4.7984e+04 3.0193e+04 3.7853e+04 3.0282e+04 3.7270e+04
   5.0000 3.1283e+04 2.0005e+04 4.5239e+04 2.0947e+04 4.4392e+04 2.8066e+04 3.4906e+04 2.8121e+04 3.4415e+04
   5.2500 2.8867e+04 1.8748e+04 4.1672e+04 1.9584e+04 4.0923e+04 2.6006e+04 3.2112e+04 2.6034e+04 3.1713e+04
   5.5000 2.6583e+04 1.7507e+04 3.8256e+04 1.8251e+04 3.7608e+04 2.4035e+04 2.9454e+04 2.4041e+04 2.9128e+04
   5.7500 2.4440e+04 1.6308e+04 3.5072e+04 1.6971e+04 3.4507e+04 2.2172e+04 2.6985e+04 2.2159e+04 2.6724e+04
   6.0000 2.2442e+04 1.5158e+04 3.2114e+04 1.5749e+04 3.1621e+04 2.0422e+04 2.4698e+04 2.0397e+04 2.4492e+04
   6.2500 2.0594e+04 1.4066e+04 2.9377e+04 1.4595e+04 2.8947e+04 1.8794e+04 2.2592e+04 1.8755e+04 2.2429e+04
   6.5000 1.8887e+04 1.3040e+04 2.6858e+04 1.3511e+04 2.6482e+04 1.7284e+04 2.0658e+04 1.7238e+04 2.0535e+04
   6.7500 1.7318e+04 1.2077e+04 2.4550e+04 1.2498e+04 2.4219e+04 1.5890e+04 1.8893e+04 1.5835e+04 1.8798e+04
   7.0000 1.5878e+04 1.1180e+04 2.2438e+04 1.1556e+04 2.2147e+04 1.4607e+04 1.7278e+04 1.4546e+04 1.7210e+04
   7.2500 1.4561e+04 1.0344e+04 2.0517e+04 1.0680e+04 2.0259e+04 1.3425e+04 1.5810e+04 1.3364e+04 1.5761e+04
   7.5000 1.3361e+04 9.5708e+03 1.8761e+04 9.8731e+03 1.8534e+04 1.2344e+04 1.4472e+04 1.2280e+04 1.4441e+04
   7.7500 1.2265e+04 8.8563e+03 1.7166e+04 9.1271e+03 1.6965e+04 1.1356e+04 1.3256e+04 1.1292e+04 1.3241e+04
   8.0000 1.1267e+04 8.1948e+03 1.5715e+04 8.4394e+03 1.5537e+04 1.0450e+04 1.2151e+04 1.0386e+04 1.2145e+04
   8.2500 1.0355e+04 7.5839e+03 1.4398e+04 7.8039e+03 1.4239e+04 9.6245e+03 1.1147e+04 9.5569e+03 1.1150e+04
   8.5000 9.5231e+03 7.0252e+03 1.3199e+04 7.2237e+03 1.3057e+04 8.8662e+03 1.0235e+04 8.8017e+03 1.0245e+04
   8.7500 8.7649e+03 6.5077e+03 1.2110e+04 6.6865e+03 1.1982e+04 8.1754e+03 9.4034e+03 8.1109e+03 9.4188e+03
   9.0000 8.0741e+03 6.0337e+03 1.1120e+04 6.1953e+03 1.1006e+04 7.5430e+03 8.6482e+03 7.4816e+03 8.6697e+03
   9.2500 7.4448e+03 5.5886e+03 1.0222e+04 5.7348e+03 1.0119e+04 6.9658e+03 7.9636e+03 6.9044e+03 7.9851e+03
   9.5000 6.8707e+03 5.1708e+03 9.4036e+03 5.3019e+03 9.3113e+03 6.4378e+03 7.3373e+03 6.3795e+03 7.3619e+03
   9.7500 6.3457e+03 4.7873e+03 8.6577e+03 4.9059e+03 8.5745e+03 5.9527e+03 6.7663e+03 5.8975e+03 6.7939e+03
  10.0000 5.8668e+03 4.4389e+03 7.9773e+03 4.5467e+03 7.9022e+03 5.5106e+03 6.2474e+03 5.4554e+03 6.2751e+03
  10.2500 5.4278e+03 4.1183e+03 7.3594e+03 4.2151e+03 7.2912e+03 5.1054e+03 5.7716e+03 5.0532e+03 5.8023e+03
  10.5000 5.0256e+03 3.8234e+03 6.7947e+03 3.9112e+03 6.7325e+03 4.7339e+03 5.3387e+03 4.6818e+03 5.3694e+03
  10.7500 4.6572e+03 3.5530e+03 6.2798e+03 3.6318e+03 6.2229e+03 4.3932e+03 4.9427e+03 4.3441e+03 4.9734e+03
  11.0000 4.3226e+03 3.3046e+03 5.8070e+03 3.3770e+03 5.7562e+03 4.0800e+03 4.5774e+03 4.0340e+03 4.6111e+03
  11.2500 4.0125e+03 3.0742e+03 5.3764e+03 3.1406e+03 5.3295e+03 3.7914e+03 4.2458e+03 3.7454e+03 4.2796e+03
  11.5000 3.7301e+03 2.8638e+03 4.9818e+03 2.9245e+03 4.9396e+03 3.5274e+03 3.9419e+03 3.4844e+03 3.9726e+03
  11.7500 3.4691e+03 2.6698e+03 4.6192e+03 2.7252e+03 4.5804e+03 3.2849e+03 3.6625e+03 3.2419e+03 3.6932e+03
  12.0000 3.2296e+03 2.4908e+03 4.2900e+03 2.5417e+03 4.2550e+03 3.0602e+03 3.4046e+03 3.0203e+03 3.4353e+03
  12.2500 3.0074e+03 2.3262e+03 3.9837e+03 2.3722e+03 3.9511e+03 2.8536e+03 3.1682e+03 2.8152e+03 3.1989e+03
  12.5000 2.8041e+03 2.1737e+03 3.7050e+03 2.2159e+03 3.6748e+03 2.6632e+03 2.9521e+03 2.6264e+03 2.9819e+03
  12.7500 2.6166e+03 2.0325e+03 3.4478e+03 2.0713e+03 3.4200e+03 2.4873e+03 2.7519e+03 2.4517e+03 2.7811e+03
  13.0000 2.4434e+03 1.9021e+03 3.2122e+03 1.9378e+03 3.1867e+03 2.3249e+03 2.5674e+03 2.2908e+03 2.5960e+03
  13.2500 2.2835e+03 1.7815e+03 2.9941e+03 1.8144e+03 2.9705e+03 2.1745e+03 2.3974e+03 2.1419e+03 2.4250e+03
  13.5000 2.1355e+03 1.6696e+03 2.7935e+03 1.6999e+03 2.7716e+03 2.0354e+03 2.2402e+03 2.0041e+03 2.2672e+03
  13.7500 1.9989e+03 1.5660e+03 2.6079e+03 1.5939e+03 2.5877e+03 1.9068e+03 2.0950e+03 1.8767e+03 2.1211e+03
  14.0000 1.8724e+03 1.4695e+03 2.4366e+03 1.4954e+03 2.4179e+03 1.7873e+03 1.9608e+03 1.7585e+03 1.9860e+03
  14.2500 1.7548e+03 1.3800e+03 2.2784e+03 1.4039e+03 2.2611e+03 1.6765e+03 1.8362e+03 1.6489e+03 1.8610e+03
  14.5000 1.6461e+03 1.2970e+03 2.1322e+03 1.3192e+03 2.1162e+03 1.5737e+03 1.7210e+03 1.5473e+03 1.7450e+03
  14.7500 1.5451e+03 1.2196e+03 1.9966e+03 1.2403e+03 1.9817e+03 1.4782e+03 1.6142e+03 1.4527e+03 1.6372e+03
  15.0000 1.4512e+03 1.1478e+03 1.8710e+03 1.1669e+03 1.8570e+03 1.3895e+03 1.5150e+03 1.3649e+03 1.5375e+03
  15.2500 1.3640e+03 1.0806e+03 1.7546e+03 1.0985e+03 1.7416e+03 1.3069e+03 1.4229e+03 1.2833e+03 1.4444e+03
  15.5000 1.2830e+03 1.0180e+03 1.6465e+03 1.0346e+03 1.6345e+03 1.2302e+03 1.3373e+03 1.2074e+03 1.3582e+03
  15.7500 1.2074e+03 9.5982e+02 1.5462e+03 9.7534e+02 1.5350e+03 1.1583e+03 1.2578e+03 1.1365e+03 1.2777e+03
  16.0000 1.1368e+03 9.0545e+02 1.4532e+03 9.1977e+02 1.4426e+03 1.0914e+03 1.1835e+03 1.0708e+03 1.2031e+03
  16.2500 1.0711e+03 8.5452e+02 1.3663e+03 8.6789e+02 1.3563e+03 1.0291e+03 1.1144e+03 1.0091e+03 1.1334e+03
  16.5000 1.0100e+03 8.0717e+02 1.2855e+03 8.1969e+02 1.2762e+03 9.7104e+02 1.0502e+03 9.5170e+02 1.0684e+03
  16.7500 9.5293e+02 7.6246e+02 1.2102e+03 7.7425e+02 1.2016e+03 9.1639e+02 9.9008e+02 8.9798e+02 1.0076e+03
  17.0000 8.9951e+02 7.2091e+02 1.1403e+03 7.3189e+02 1.1322e+03 8.6574e+02 9.3389e+02 8.4793e+02 9.5078e+02
  17.2500 8.4947e+02 6.8202e+02 1.0748e+03 6.9228e+02 1.0671e+03 8.1815e+02 8.8170e+02 8.0096e+02 8.9798e+02
  17.5000 8.0280e+02 6.4549e+02 1.0138e+03 6.5514e+02 1.0066e+03 7.7364e+02 8.3258e+02 7.5706e+02 8.4855e+02
  17.7500 7.5921e+02 6.1111e+02 9.5659e+02 6.2014e+02 9.4986e+02 7.3189e+02 7.8684e+02 7.1623e+02 8.0219e+02
  18.0000 7.1807e+02 5.7909e+02 9.0343e+02 5.8760e+02 8.9705e+02 6.9259e+02 7.4417e+02 6.7755e+02 7.5860e+02
  18.2500 6.7970e+02 5.4898e+02 8.5365e+02 5.5690e+02 8.4763e+02 6.5606e+02 7.0395e+02 6.4163e+02 7.1807e+02
  18.5000 6.4378e+02 5.2051e+02 8.0686e+02 5.2804e+02 8.0127e+02 6.2167e+02 6.6619e+02 6.0755e+02 6.7970e+02
  18.7500 6.1001e+02 4.9398e+02 7.6328e+02 5.0102e+02 7.5798e+02 5.8944e+02 6.3088e+02 5.7593e+02 6.4409e+02
  19.0000 5.7839e+02 4.6889e+02 7.2209e+02 4.7554e+02 7.1715e+02 5.5905e+02 5.9773e+02 5.4615e+02 6.1032e+02
  19.2500 5.4830e+02 4.4538e+02 6.8390e+02 4.5160e+02 6.7908e+02 5.3050e+02 5.6672e+02 5.1791e+02 5.7900e+02
  19.5000 5.2037e+02 4.2325e+02 6.4797e+02 4.2919e+02 6.4347e+02 5.0348e+02 5.3756e+02 4.9151e+02 5.4922e+02
  19.7500 4.9396e+02 4.0222e+02 6.1399e+02 4.0770e+02 6.0970e+02 4.7831e+02 5.1023e+02 4.6695e+02 5.2129e+02
  20.0000 4.6940e+02 3.8236e+02 5.8236e+02 3.8774e+02 5.7839e+02 4.5436e+02 4.8414e+02 4.4331e+02 4.9519e+02
  20.2500 4.4607e+02 3.6397e+02 5.5234e+02 3.6901e+02 5.4861e+02 4.3195e+02 4.5989e+02 4.2151e+02 4.7032e+02
  20.5000 4.2397e+02 3.4648e+02 5.2432e+02 3.5121e+02 5.2067e+02 4.1107e+02 4.3717e+02 4.0063e+02 4.4730e+02
  20.7500 4.0309e+02 3.2996e+02 4.9805e+02 3.3432e+02 4.9458e+02 3.9112e+02 4.1568e+02 3.8129e+02 4.2519e+02
  21.0000 3.8375e+02 3.1412e+02 4.7323e+02 3.1836e+02 4.7002e+02 3.7208e+02 3.9511e+02 3.6287e+02 4.0463e+02
  21.2500 3.6533e+02 2.9948e+02 4.4971e+02 3.0350e+02 4.4669e+02 3.5458e+02 3.7607e+02 3.4538e+02 3.8498e+02
  21.5000 3.4783e+02 2.8550e+02 4.2748e+02 2.8935e+02 4.2458e+02 3.3770e+02 3.5796e+02 3.2880e+02 3.6656e+02
  21.7500 3.3125e+02 2.7239e+02 4.0687e+02 2.7596e+02 4.0401e+02 3.2174e+02 3.4108e+02 3.1345e+02 3.4937e+02
  22.0000 3.1590e+02 2.5987e+02 3.8727e+02 2.6331e+02 3.8467e+02 3.0691e+02 3.2481e+02 2.9877e+02 3.3279e+02
  22.2500 3.0117e+02 2.4805e+02 3.6880e+02 2.5131e+02 3.6625e+02 2.9275e+02 3.0976e+02 2.8490e+02 3.1744e+02
  22.5000 2.8726e+02 2.3686e+02 3.5118e+02 2.3995e+02 3.4875e+02 2.7937e+02 2.9524e+02 2.7179e+02 3.0276e+02
  22.7500 2.7412e+02 2.2627e+02 3.3478e+02 2.2921e+02 3.3248e+02 2.6669e+02 2.8161e+02 2.5938e+02 2.8889e+02
  23.0000 2.6169e+02 2.1622e+02 3.1902e+02 2.1901e+02 3.1682e+02 2.5466e+02 2.6875e+02 2.4766e+02 2.7575e+02
  23.2500 2.4993e+02 2.0667e+02 3.0436e+02 2.0934e+02 3.0227e+02 2.4327e+02 2.5656e+02 2.3651e+02 2.6331e+02
  23.5000 2.3875e+02 1.9766e+02 2.9039e+02 2.0019e+02 2.8840e+02 2.3249e+02 2.4502e+02 2.2598e+02 2.5153e+02
  23.7500 2.2816e+02 1.8909e+02 2.7717e+02 1.9151e+02 2.7526e+02 2.2227e+02 2.3409e+02 2.1597e+02 2.4035e+02
  24.0000 2.1815e+02 1.8093e+02 2.6464e+02 1.8325e+02 2.6282e+02 2.1257e+02 2.2371e+02 2.0649e+02 2.2976e+02
  24.2500 2.0861e+02 1.7320e+02 2.5281e+02 1.7539e+02 2.5106e+02 2.0336e+02 2.1389e+02 1.9752e+02 2.1972e+02
  24.5000 1.9958e+02 1.6586e+02 2.4156e+02 1.6796e+02 2.3989e+02 1.9461e+02 2.0455e+02 1.8899e+02 2.1020e+02
  24.7500 1.9101e+02 1.5886e+02 2.3089e+02 1.6087e+02 2.2930e+02 1.8632e+02 1.9571e+02 1.8085e+02 2.0115e+02
  25.0000 1.8285e+02 1.5223e+02 2.2082e+02 1.5415e+02 2.1929e+02 1.7840e+02 1.8730e+02 1.7318e+02 1.9255e+02
  25.2500 1.7511e+02 1.4593e+02 2.1121e+02 1.4776e+02 2.0974e+02 1.7091e+02 1.7932e+02 1.6584e+02 1.8438e+02
  25.5000 1.6778e+02 1.3990e+02 2.0212e+02 1.4165e+02 2.0072e+02 1.6378e+02 1.7174e+02 1.5890e+02 1.7665e+02
  25.7500 1.6078e+02 1.3420e+02 1.9346e+02 1.3588e+02 1.9212e+02 1.5700e+02 1.6452e+02 1.5227e+02 1.6925e+02
  26.0000 1.5411e+02 1.2874e+02 1.8525e+02 1.3035e+02 1.8395e+02 1.5052e+02 1.5768e+02 1.4598e+02 1.6225e+02
  26.2500 1.4779e+02 1.2353e+02 1.7745e+02 1.2507e+02 1.7622e+02 1.4438e+02 1.5114e+02 1.3999e+02 1.5556e+02
  26.5000 1.4174e+02 1.1859e+02 1.7004e+02 1.2007e+02 1.6885e+02 1.3852e+02 1.4494e+02 1.3428e+02 1.4920e+02
  26.7500 1.3600e+02 1.1390e+02 1.6296e+02 1.1531e+02 1.6182e+02 1.3296e+02 1.3904e+02 1.2885e+02 1.4315e+02
  27.0000 1.3054e+02 1.0939e+02 1.5625e+02 1.1073e+02 1.5516e+02 1.2765e+02 1.3342e+02 1.2369e+02 1.3738e+02
  27.2500 1.2532e+02 1.0511e+02 1.4986e+02 1.0641e+02 1.4880e+02 1.2259e+02 1.2805e+02 1.1875e+02 1.3189e+02
  27.5000 1.2034e+02 1.0102e+02 1.4378e+02 1.0226e+02 1.4275e+02 1.1773e+02 1.2295e+02 1.1405e+02 1.2667e+02
  27.7500 1.1562e+02 9.7108e+01 1.3799e+02 9.8301e+01 1.3701e+02 1.1313e+02 1.1807e+02 1.0957e+02 1.2166e+02
  28.0000 1.1110e+02 9.3371e+01 1.3246e+02 9.4525e+01 1.3152e+02 1.0874e+02 1.1344e+02 1.0527e+02 1.1691e+02
  28.2500 1.0678e+02 8.9828e+01 1.2720e+02 9.0933e+01 1.2630e+02 1.0453e+02 1.0898e+02 1.0119e+02 1.1236e+02
  28.5000 1.0266e+02 8.6400e+01 1.2216e+02 8.7464e+01 1.2130e+02 1.0051e+02 1.0475e+02 9.7288e+01 1.0800e+02
  28.7500 9.8731e+01 8.3160e+01 1.1737e+02 8.4179e+01 1.1654e+02 9.6705e+01 1.0073e+02 9.3574e+01 1.0386e+02
  29.0000 9.4955e+01 8.0041e+01 1.1280e+02 8.1017e+01 1.1199e+02 9.3021e+01 9.6859e+01 9.0012e+01 9.9898e+01
  29.2500 9.1363e+01 7.7067e+01 1.0844e+02 7.8009e+01 1.0767e+02 8.9521e+01 9.3174e+01 8.6605e+01 9.6122e+01
  29.5000 8.7956e+01 7.4245e+01 1.0426e+02 7.5154e+01 1.0352e+02 8.6175e+01 8.9675e+01 8.3381e+01 9.2499e+01
  29.7500 8.4671e+01 7.1510e+01 1.0031e+02 7.2391e+01 9.9591e+01 8.2982e+01 8.6298e+01 8.0250e+01 8.9061e+01
  30.0000 8.1508e+01 6.8923e+01 9.6511e+01 6.9750e+01 9.5815e+01 7.9943e+01 8.3074e+01 7.7303e+01 8.5745e+01
  30.2500 7.8531e+01 6.6420e+01 9.2856e+01 6.7233e+01 9.2192e+01 7.6996e+01 8.0004e+01 7.4448e+01 8.2583e+01
  30.5000 7.5645e+01 6.4038e+01 8.9403e+01 6.4808e+01 8.8754e+01 7.4202e+01 7.7057e+01 7.1746e+01 7.9574e+01
  30.7500 7.2912e+01 6.1727e+01 8.6085e+01 6.2474e+01 8.5469e+01 7.1531e+01 7.4263e+01 6.9136e+01 7.6658e+01
  31.0000 7.0272e+01 5.9537e+01 8.2906e+01 6.0264e+01 8.2307e+01 6.8952e+01 7.1562e+01 6.6619e+01 7.3895e+01
  31.2500 6.7755e+01 5.7451e+01 7.9850e+01 5.8146e+01 7.9267e+01 6.6496e+01 6.8983e+01 6.4255e+01 7.1255e+01
  31.5000 6.5330e+01 5.5419e+01 7.6945e+01 5.6089e+01 7.6382e+01 6.4132e+01 6.6496e+01 6.1953e+01 6.8707e+01
  31.7500 6.3027e+01 5.3505e+01 7.4153e+01 5.4155e+01 7.3619e+01 6.1861e+01 6.4132e+01 5.9773e+01 6.6251e+01
  32.0000 6.0786e+01 5.1632e+01 7.1503e+01 5.2251e+01 7.0978e+01 5.9712e+01 6.1861e+01 5.7655e+01 6.3917e+01
  32.2500 5.8668e+01 4.9874e+01 6.8937e+01 5.0471e+01 6.8430e+01 5.7624e+01 5.9712e+01 5.5659e+01 6.1676e+01
  32.5000 5.6642e+01 4.8169e+01 6.6489e+01 4.8752e+01 6.6005e+01 5.5628e+01 5.7624e+01 5.3725e+01 5.9527e+01
  32.7500 5.4677e+01 4.6501e+01 6.4141e+01 4.7063e+01 6.3672e+01 5.3725e+01 5.5598e+01 5.1852e+01 5.7470e+01
  33.0000 5.2804e+01 4.4949e+01 6.1917e+01 4.5497e+01 6.1461e+01 5.1883e+01 5.3694e+01 5.0072e+01 5.5506e+01
  33.2500 5.0993e+01 4.3441e+01 5.9754e+01 4.3962e+01 5.9312e+01 5.0102e+01 5.1852e+01 4.8383e+01 5.3602e+01
  33.5000 4.9243e+01 4.1987e+01 5.7692e+01 4.2489e+01 5.7255e+01 4.8414e+01 5.0072e+01 4.6725e+01 5.1791e+01
  33.7500 4.7585e+01 4.0594e+01 5.5712e+01 4.1077e+01 5.5291e+01 4.6787e+01 4.8383e+01 4.5160e+01 5.0041e+01
  34.0000 4.5989e+01 3.9261e+01 5.3794e+01 3.9726e+01 5.3387e+01 4.5221e+01 4.6756e+01 4.3655e+01 4.8352e+01
  34.2500 4.4454e+01 3.7951e+01 5.1966e+01 3.8406e+01 5.1576e+01 4.3717e+01 4.5190e+01 4.2182e+01 4.6725e+01
  34.5000 4.2980e+01 3.6713e+01 5.0209e+01 3.7147e+01 4.9826e+01 4.2274e+01 4.3686e+01 4.0800e+01 4.5190e+01
  34.7500 4.1568e+01 3.5526e+01 4.8504e+01 3.5950e+01 4.8138e+01 4.0892e+01 4.2243e+01 3.9450e+01 4.3686e+01
  35.0000 4.0217e+01 3.4371e+01 4.6898e+01 3.4783e+01 4.6541e+01 3.9572e+01 4.0862e+01 3.8160e+01 4.2274e+01
  35.2500 3.8897e+01 3.3276e+01 4.5353e+01 3.3678e+01 4.5006e+01 3.8283e+01 3.9511e+01 3.6901e+01 4.0892e+01
  35.5000 3.7638e+01 3.2224e+01 4.3840e+01 3.2603e+01 4.3502e+01 3.7055e+01 3.8221e+01 3.5735e+01 3.9572e+01
  35.7500 3.6441e+01 3.1180e+01 4.2408e+01 3.1560e+01 4.2090e+01 3.5858e+01 3.6993e+01 3.4568e+01 3.8283e+01
  36.0000 3.5274e+01 3.0201e+01 4.1016e+01 3.0568e+01 4.0708e+01 3.4722e+01 3.5796e+01 3.3463e+01 3.7055e+01
  36.2500 3.4138e+01 2.9253e+01 3.9697e+01 2.9607e+01 3.9388e+01 3.3617e+01 3.4660e+01 3.2389e+01 3.5888e+01
  36.5000 3.3064e+01 2.8340e+01 3.8426e+01 2.8683e+01 3.8129e+01 3.2542e+01 3.3555e+01 3.1375e+01 3.4752e+01
  36.7500 3.2020e+01 2.7463e+01 3.7186e+01 2.7793e+01 3.6901e+01 3.1529e+01 3.2481e+01 3.0390e+01 3.3647e+01
  37.0000 3.1007e+01 2.6620e+01 3.5989e+01 2.6936e+01 3.5704e+01 3.0547e+01 3.1468e+01 2.9438e+01 3.2603e+01
  37.2500 3.0049e+01 2.5798e+01 3.4834e+01 2.6107e+01 3.4568e+01 2.9598e+01 3.0488e+01 2.8523e+01 3.1560e+01
  37.5000 2.9116e+01 2.5013e+01 3.3756e+01 2.5312e+01 3.3494e+01 2.8686e+01 2.9540e+01 2.7639e+01 3.0596e+01
  37.7500 2.8219e+01 2.4251e+01 3.2704e+01 2.4542e+01 3.2450e+01 2.7805e+01 2.8625e+01 2.6789e+01 2.9650e+01
  38.0000 2.7357e+01 2.3516e+01 3.1683e+01 2.3799e+01 3.1437e+01 2.6955e+01 2.7747e+01 2.5969e+01 2.8741e+01
  38.2500 2.6522e+01 2.2811e+01 3.0694e+01 2.3083e+01 3.0454e+01 2.6138e+01 2.6896e+01 2.5180e+01 2.7863e+01
  38.5000 2.5717e+01 2.2128e+01 2.9748e+01 2.2393e+01 2.9515e+01 2.5349e+01 2.6080e+01 2.4416e+01 2.7019e+01
  38.7500 2.4944e+01 2.1470e+01 2.8835e+01 2.1726e+01 2.8609e+01 2.4588e+01 2.5291e+01 2.3682e+01 2.6202e+01
  39.0000 2.4195e+01 2.0836e+01 2.7954e+01 2.1085e+01 2.7734e+01 2.3851e+01 2.4529e+01 2.2973e+01 2.5416e+01
  39.2500 2.3473e+01 2.0223e+01 2.7107e+01 2.0465e+01 2.6893e+01 2.3142e+01 2.3796e+01 2.2288e+01 2.4658e+01
  39.5000 2.2776e+01 1.9631e+01 2.6287e+01 1.9866e+01 2.6080e+01 2.2457e+01 2.3086e+01 2.1628e+01 2.3925e+01
  39.7500 2.2104e+01 1.9058e+01 2.5499e+01 1.9286e+01 2.5297e+01 2.1797e+01 2.2402e+01 2.0990e+01 2.3218e+01
  40.0000 2.1453e+01 1.8506e+01 2.4739e+01 1.8727e+01 2.4542e+01 2.1158e+01 2.1742e+01 2.0372e+01 2.2537e+01
  40.2500 2.0827e+01 1.7973e+01 2.4005e+01 1.8187e+01 2.3814e+01 2.0544e+01 2.1106e+01 1.9780e+01 2.1877e+01
  40.5000 2.0222e+01 1.7457e+01 2.3293e+01 1.7665e+01 2.3108e+01 1.9949e+01 2.0489e+01 1.9206e+01 2.1238e+01
  40.7500 1.9636e+01 1.6959e+01 2.2611e+01 1.7161e+01 2.2429e+01 1.9372e+01 1.9897e+01 1.8650e+01 2.0624e+01
  41.0000 1.9071e+01 1.6476e+01 2.1949e+01 1.6673e+01 2.1772e+01 1.8816e+01 1.9319e+01 1.8113e+01 2.0032e+01
  41.2500 1.8527e+01 1.6009e+01 2.1311e+01 1.6200e+01 2.1140e+01 1.8282e+01 1.8767e+01 1.7597e+01 1.9458e+01
  41.5000 1.7999e+01 1.5559e+01 2.0692e+01 1.5746e+01 2.0526e+01 1.7763e+01 1.8230e+01 1.7094e+01 1.8902e+01
  41.7500 1.7487e+01 1.5124e+01 2.0099e+01 1.5304e+01 1.9937e+01 1.7259e+01 1.7711e+01 1.6612e+01 1.8365e+01
  42.0000 1.6995e+01 1.4704e+01 1.9520e+01 1.4880e+01 1.9363e+01 1.6774e+01 1.7210e+01 1.6142e+01 1.7846e+01
  42.2500 1.6517e+01 1.4296e+01 1.8964e+01 1.4466e+01 1.8810e+01 1.6305e+01 1.6725e+01 1.5691e+01 1.7346e+01
  42.5000 1.6056e+01 1.3900e+01 1.8429e+01 1.4067e+01 1.8279e+01 1.5850e+01 1.6259e+01 1.5252e+01 1.6860e+01
  42.7500 1.5611e+01 1.3521e+01 1.7905e+01 1.3683e+01 1.7760e+01 1.5411e+01 1.5804e+01 1.4828e+01 1.6391e+01
  43.0000 1.5178e+01 1.3152e+01 1.7404e+01 1.3308e+01 1.7263e+01 1.4988e+01 1.5365e+01 1.4420e+01 1.5936e+01
  43.2500 1.4761e+01 1.2794e+01 1.6918e+01 1.2946e+01 1.6781e+01 1.4576e+01 1.4942e+01 1.4024e+01 1.5497e+01
  43.5000 1.4355e+01 1.2448e+01 1.6449e+01 1.2596e+01 1.6314e+01 1.4177e+01 1.4530e+01 1.3640e+01 1.5074e+01
  43.7500 1.3965e+01 1.2111e+01 1.5994e+01 1.2255e+01 1.5863e+01 1.3790e+01 1.4134e+01 1.3268e+01 1.4662e+01
  44.0000 1.3588e+01 1.1786e+01 1.5551e+01 1.1927e+01 1.5424e+01 1.3419e+01 1.3751e+01 1.2909e+01 1.4263e+01
  44.2500 1.3219e+01 1.1474e+01 1.5125e+01 1.1611e+01 1.5000e+01 1.3057e+01 1.3379e+01 1.2562e+01 1.3880e+01
  44.5000 1.2863e+01 1.1168e+01 1.4713e+01 1.1301e+01 1.4592e+01 1.2707e+01 1.3017e+01 1.2225e+01 1.3505e+01
  44.7500 1.2520e+01 1.0873e+01 1.4314e+01 1.1003e+01 1.4196e+01 1.2369e+01 1.2667e+01 1.1896e+01 1.3143e+01
  45.0000 1.2188e+01 1.0584e+01 1.3927e+01 1.0711e+01 1.3812e+01 1.2040e+01 1.2329e+01 1.1580e+01 1.2793e+01
  45.2500 1.1863e+01 1.0309e+01 1.3553e+01 1.0432e+01 1.3441e+01 1.1721e+01 1.2004e+01 1.1273e+01 1.2452e+01
  45.5000 1.1552e+01 1.0039e+01 1.3190e+01 1.0159e+01 1.3081e+01 1.1414e+01 1.1684e+01 1.0978e+01 1.2123e+01
  45.7500 1.1248e+01 9.7804e+00 1.2838e+01 9.8977e+00 1.2731e+01 1.1113e+01 1.1377e+01 1.0690e+01 1.1807e+01
  46.0000 1.0954e+01 9.5260e+00 1.2498e+01 9.6398e+00 1.2394e+01 1.0825e+01 1.1080e+01 1.0410e+01 1.1497e+01
  46.2500 1.0668e+01 9.2837e+00 1.2170e+01 9.3942e+00 1.2068e+01 1.0545e+01 1.0791e+01 1.0140e+01 1.1196e+01
  46.5000 1.0392e+01 9.0446e+00 1.1851e+01 9.1517e+00 1.1752e+01 1.0272e+01 1.0509e+01 9.8793e+00 1.0908e+01
  46.7500 1.0125e+01 8.8135e+00 1.1538e+01 8.9184e+00 1.1442e+01 1.0008e+01 1.0238e+01 9.6244e+00 1.0625e+01
  47.0000 9.8639e+00 8.5886e+00 1.1238e+01 8.6912e+00 1.1144e+01 9.7503e+00 9.9744e+00 9.3758e+00 1.0352e+01
  47.2500 9.6122e+00 8.3729e+00 1.0948e+01 8.4732e+00 1.0855e+01 9.5016e+00 9.7196e+00 9.1363e+00 1.0088e+01
  47.5000 9.3696e+00 8.1635e+00 1.0665e+01 8.2614e+00 1.0576e+01 9.2622e+00 9.4710e+00 8.9061e+00 9.8301e+00
  47.7500 9.1302e+00 7.9575e+00 1.0394e+01 8.0526e+00 1.0306e+01 9.0289e+00 9.2315e+00 8.6789e+00 9.5815e+00
  48.0000 8.8999e+00 7.7605e+00 1.0127e+01 7.8531e+00 1.0042e+01 8.8017e+00 8.9982e+00 8.4609e+00 9.3389e+00
  48.2500 8.6758e+00 7.5668e+00 9.8712e+00 7.6566e+00 9.7872e+00 8.5807e+00 8.7710e+00 8.2491e+00 9.1056e+00
  48.5000 8.4609e+00 7.3808e+00 9.6202e+00 7.4693e+00 9.5385e+00 8.3658e+00 8.5530e+00 8.0434e+00 8.8784e+00
  48.7500 8.2491e+00 7.1996e+00 9.3763e+00 7.2851e+00 9.2960e+00 8.1601e+00 8.3381e+00 7.8438e+00 8.6574e+00
  49.0000 8.0465e+00 7.0203e+00 9.1405e+00 7.1040e+00 9.0626e+00 7.9574e+00 8.1324e+00 7.6504e+00 8.4425e+00
  49.2500 7.8469e+00 6.8499e+00 8.9145e+00 6.9321e+00 8.8385e+00 7.7610e+00 7.9298e+00 7.4601e+00 8.2337e+00
  49.5000 7.6535e+00 6.6841e+00 8.6921e+00 6.7632e+00 8.6175e+00 7.5706e+00 7.7364e+00 7.2790e+00 8.0311e+00
  49.7500 7.4662e+00 6.5232e+00 8.4756e+00 6.6005e+00 8.4026e+00 7.3864e+00 7.5461e+00 7.1009e+00 7.8346e+00
  50.0000 7.2851e+00 6.3654e+00 8.2681e+00 6.4409e+00 8.1969e+00 7.2053e+00 7.3619e+00 6.9290e+00 7.6443e+00
